1.0,"2019-08-01 01:23:29.000000","2019-08-01 01:47:55.000000",0.0,17.0,1.0,N,132.0,108.0,2.0,46.5,0.5,0.5,0.0,0.0,0.3,47.8,0.0
2.0,"2019-08-01 02:43:15.000000","2019-08-01 03:21:04.000000",1.0,20.51,1.0,N,230.0,108.0,2.0,56.5,0.5,0.5,0.0,0.0,0.3,60.3,2.5
1.0,"2019-08-01 03:50:42.000000","2019-08-01 04:14:49.000000",1.0,16.3,1.0,N,132.0,108.0,3.0,43.5,0.5,0.5,0.0,0.0,0.3,44.8,0.0
1.0,"2019-08-01 04:26:17.000000","2019-08-01 04:45:15.000000",2.0,16.6,1.0,N,132.0,108.0,2.0,44.0,0.5,0.5,0.0,0.0,0.3,45.3,0.0
2.0,"2019-08-01 05:26:54.000000","2019-08-01 05:51:30.000000",2.0,16.55,1.0,N,132.0,108.0,2.0,45.0,0.5,0.5,0.0,0.0,0.3,46.3,0.0
2.0,"2019-08-01 05:50:30.000000","2019-08-01 06:13:45.000000",3.0,16.43,1.0,N,132.0,108.0,2.0,44.5,0.5,0.5,0.0,0.0,0.3,45.8,0.0
2.0,"2019-08-01 06:59:18.000000","2019-08-01 07:23:40.000000",4.0,10.7,1.0,N,72.0,108.0,1.0,31.5,0.0,0.5,0.0,0.0,0.3,32.3,0.0
2.0,"2019-08-01 09:34:15.000000","2019-08-01 10:00:54.000000",1.0,15.72,1.0,N,132.0,108.0,2.0,43.5,0.0,0.5,0.0,0.0,0.3,44.3,0.0
2.0,"2019-08-01 10:24:07.000000","2019-08-01 11:10:46.000000",5.0,22.13,1.0,N,138.0,108.0,1.0,60.5,0.0,0.5,8.5,0.0,0.3,69.8,0.0
2.0,"2019-08-01 13:10:31.000000","2019-08-01 13:40:27.000000",6.0,15.74,1.0,N,132.0,108.0,2.0,43.0,0.0,0.5,0.0,0.0,0.3,43.8,0.0
2.0,"2019-08-01 13:53:02.000000","2019-08-01 14:27:26.000000",1.0,16.68,1.0,N,132.0,108.0,2.0,45.5,0.0,0.5,0.0,0.0,0.3,46.3,0.0
2.0,"2019-08-01 14:54:31.000000","2019-08-01 15:31:23.000000",1.0,15.16,1.0,N,132.0,108.0,4.0,-42.5,0.0,-0.5,0.0,0.0,-0.3,-43.3,0.0
2.0,"2019-08-01 14:54:31.000000","2019-08-01 15:31:23.000000",1.0,15.16,1.0,N,132.0,108.0,2.0,42.5,0.0,0.5,0.0,0.0,0.3,43.3,0.0
1.0,"2019-08-01 15:04:33.000000","2019-08-01 15:42:59.000000",1.0,16.1,1.0,N,132.0,108.0,1.0,45.0,0.0,0.5,9.15,0.0,0.3,54.95,0.0
2.0,"2019-08-01 17:56:30.000000","2019-08-02 17:41:32.000000",1.0,11.35,1.0,N,209.0,108.0,2.0,38.0,1.0,0.5,0.0,6.12,0.3,48.42,2.5
2.0,"2019-08-01 18:16:31.000000","2019-08-01 18:16:45.000000",1.0,0.0,5.0,Y,108.0,108.0,1.0,47.0,0.0,0.0,0.0,0.0,0.3,47.3,0.0
2.0,"2019-08-01 21:42:33.000000","2019-08-01 22:30:15.000000",1.0,14.93,1.0,N,164.0,108.0,1.0,46.0,0.5,0.5,9.96,0.0,0.3,59.76,2.5
1.0,"2019-08-01 22:32:32.000000","2019-08-01 22:51:51.000000",1.0,0.0,1.0,N,181.0,108.0,1.0,28.2,0.0,0.5,0.0,0.0,0.3,29.0,0.0
2.0,"2019-08-01 22:05:50.000000","2019-08-01 22:51:43.000000",5.0,18.79,1.0,N,143.0,108.0,1.0,55.0,0.5,0.5,0.0,6.12,0.3,64.92,2.5
2.0,"2019-08-01 23:35:51.000000","2019-08-01 23:57:38.000000",5.0,16.28,1.0,N,132.0,108.0,2.0,43.5,0.5,0.5,0.0,0.0,0.3,44.8,0.0
2.0,"2019-08-02 00:22:40.000000","2019-08-02 01:04:28.000000",1.0,13.37,1.0,N,100.0,108.0,2.0,41.0,0.5,0.5,0.0,0.0,0.3,44.8,2.5
2.0,"2019-08-02 00:01:11.000000","2019-08-02 00:43:58.000000",1.0,15.45,1.0,N,162.0,108.0,2.0,47.5,0.5,0.5,0.0,0.0,0.3,51.3,2.5
1.0,"2019-08-02 01:30:01.000000","2019-08-02 01:56:30.000000",1.0,14.9,1.0,N,209.0,108.0,1.0,40.5,3.0,0.5,13.25,0.0,0.3,57.55,2.5
2.0,"2019-08-02 02:47:38.000000","2019-08-02 03:14:31.000000",1.0,15.5,1.0,N,79.0,108.0,2.0,42.5,0.5,0.5,0.0,0.0,0.3,46.3,2.5
2.0,"2019-08-02 03:37:40.000000","2019-08-02 03:59:09.000000",1.0,14.2,1.0,N,231.0,108.0,1.0,39.0,0.5,0.5,0.0,0.0,0.3,42.8,2.5
2.0,"2019-08-02 04:10:39.000000","2019-08-02 04:34:35.000000",1.0,10.12,1.0,N,231.0,108.0,1.0,29.0,0.5,0.5,6.0,6.12,0.3,44.92,2.5
1.0,"2019-08-02 05:58:37.000000","2019-08-02 06:20:23.000000",1.0,0.0,1.0,N,91.0,108.0,1.0,24.2,0.0,0.5,0.0,0.0,0.3,25.0,0.0
1.0,"2019-08-02 13:12:02.000000","2019-08-02 13:46:43.000000",4.0,16.5,1.0,N,132.0,108.0,2.0,46.0,0.0,0.5,0.0,0.0,0.3,46.8,0.0
1.0,"2019-08-02 14:01:29.000000","2019-08-02 14:32:05.000000",1.0,14.8,1.0,N,132.0,108.0,1.0,41.0,0.0,0.5,8.2,0.0,0.3,50.0,0.0
2.0,"2019-08-02 14:10:44.000000","2019-08-02 14:59:53.000000",2.0,17.05,1.0,N,132.0,108.0,2.0,52.0,0.0,0.5,0.0,0.0,0.3,52.8,0.0
2.0,"2019-08-02 15:53:20.000000","2019-08-02 16:31:08.000000",2.0,16.12,1.0,N,132.0,108.0,1.0,46.5,0.0,0.5,9.46,0.0,0.3,56.76,0.0
2.0,"2019-08-02 16:38:15.000000","2019-08-02 17:15:28.000000",1.0,16.77,1.0,N,132.0,108.0,2.0,47.0,1.0,0.5,0.0,0.0,0.3,48.8,0.0
1.0,"2019-08-02 18:11:22.000000","2019-08-02 18:56:32.000000",1.0,0.0,1.0,N,79.0,108.0,1.0,34.2,0.0,0.5,0.0,0.0,0.3,35.0,0.0
2.0,"2019-08-02 19:49:38.000000","2019-08-02 20:48:16.000000",5.0,20.34,1.0,N,143.0,108.0,1.0,61.5,1.0,0.5,0.0,6.12,0.3,71.92,2.5
2.0,"2019-08-02 20:06:34.000000","2019-08-02 20:37:29.000000",1.0,11.2,1.0,N,249.0,108.0,2.0,33.5,0.5,0.5,0.0,6.12,0.3,43.42,2.5
2.0,"2019-08-02 21:38:06.000000","2019-08-02 22:09:04.000000",1.0,16.61,1.0,N,132.0,108.0,1.0,46.0,0.5,0.5,5.0,0.0,0.3,52.3,0.0
1.0,"2019-08-02 22:06:08.000000","2019-08-02 22:48:23.000000",1.0,14.5,1.0,N,164.0,108.0,1.0,44.0,3.0,0.5,9.55,0.0,0.3,57.35,2.5
2.0,"2019-08-02 23:00:26.000000","2019-08-02 23:48:53.000000",1.0,18.25,1.0,N,138.0,108.0,1.0,53.0,0.5,0.5,10.86,0.0,0.3,65.16,0.0
2.0,"2019-08-03 00:38:24.000000","2019-08-03 01:14:10.000000",1.0,18.21,1.0,N,132.0,108.0,2.0,51.0,0.5,0.5,0.0,0.0,0.3,52.3,0.0
2.0,"2019-08-03 00:35:34.000000","2019-08-03 01:12:55.000000",1.0,15.77,1.0,N,132.0,108.0,1.0,48.5,0.5,0.5,9.96,0.0,0.3,59.76,0.0
1.0,"2019-08-03 01:37:11.000000","2019-08-03 02:17:46.000000",1.0,19.8,1.0,N,164.0,108.0,2.0,55.5,3.0,0.5,0.0,0.0,0.3,59.3,2.5
2.0,"2019-08-03 02:54:27.000000","2019-08-03 03:28:31.000000",1.0,19.78,1.0,N,48.0,108.0,1.0,53.5,0.5,0.5,14.32,0.0,0.3,71.62,2.5
2.0,"2019-08-03 07:20:07.000000","2019-08-03 07:41:39.000000",1.0,13.44,5.0,N,33.0,108.0,1.0,90.0,0.0,0.0,27.09,0.0,0.3,117.39,0.0
1.0,"2019-08-03 12:32:51.000000","2019-08-03 13:23:32.000000",1.0,22.8,1.0,N,41.0,108.0,2.0,65.0,2.5,0.5,0.0,6.12,0.3,74.42,2.5
1.0,"2019-08-03 14:03:46.000000","2019-08-03 14:23:28.000000",1.0,1.9,1.0,N,22.0,108.0,1.0,13.5,0.0,0.5,0.0,0.0,0.3,14.3,0.0
1.0,"2019-08-03 16:56:03.000000","2019-08-03 17:58:53.000000",2.0,22.6,1.0,N,138.0,108.0,2.0,63.0,0.0,0.5,0.0,0.0,0.3,63.8,0.0
1.0,"2019-08-03 21:30:08.000000","2019-08-03 22:06:42.000000",2.0,11.4,1.0,N,114.0,108.0,2.0,36.0,3.0,0.5,0.0,0.0,0.3,39.8,2.5
2.0,"2019-08-03 23:53:11.000000","2019-08-04 00:33:42.000000",1.0,15.21,1.0,N,132.0,108.0,1.0,48.5,0.5,0.5,9.96,0.0,0.3,59.76,0.0
2.0,"2019-08-04 00:42:07.000000","2019-08-04 01:16:10.000000",1.0,16.68,1.0,N,256.0,108.0,2.0,46.0,0.5,0.5,0.0,0.0,0.3,47.3,0.0
2.0,"2019-08-04 00:22:32.000000","2019-08-04 00:42:26.000000",1.0,9.16,1.0,N,228.0,108.0,2.0,27.5,0.5,0.5,0.0,0.0,0.3,28.8,0.0
2.0,"2019-08-04 01:02:04.000000","2019-08-04 01:48:44.000000",5.0,14.74,1.0,N,48.0,108.0,1.0,46.0,0.5,0.5,11.18,6.12,0.3,67.1,2.5
1.0,"2019-08-04 02:46:18.000000","2019-08-04 03:17:26.000000",1.0,17.0,1.0,N,234.0,108.0,1.0,48.0,3.0,0.5,3.0,0.0,0.3,54.8,2.5
1.0,"2019-08-04 03:29:02.000000","2019-08-04 03:42:36.000000",1.0,6.7,1.0,N,14.0,108.0,2.0,20.0,0.5,0.5,0.0,0.0,0.3,21.3,0.0
2.0,"2019-08-04 04:49:43.000000","2019-08-04 05:12:20.000000",1.0,15.71,1.0,N,148.0,108.0,1.0,42.5,0.5,0.5,9.26,0.0,0.3,55.56,2.5
1.0,"2019-08-04 06:09:22.000000","2019-08-04 06:29:57.000000",2.0,15.0,1.0,N,132.0,108.0,2.0,40.5,0.0,0.5,0.0,0.0,0.3,41.3,0.0
2.0,"2019-08-04 08:54:13.000000","2019-08-04 09:19:40.000000",4.0,15.49,1.0,N,132.0,108.0,1.0,42.0,0.0,0.5,8.0,0.0,0.3,50.8,0.0
2.0,"2019-08-04 12:54:58.000000","2019-08-04 13:44:46.000000",1.0,19.95,1.0,N,168.0,108.0,2.0,58.5,0.0,0.5,0.0,0.0,0.3,61.8,2.5
2.0,"2019-08-04 12:06:54.000000","2019-08-04 12:58:49.000000",1.0,19.49,1.0,N,239.0,108.0,1.0,57.5,0.0,0.5,6.0,5.76,0.3,72.56,2.5
2.0,"2019-08-04 16:23:09.000000","2019-08-04 16:26:30.000000",1.0,0.72,1.0,N,55.0,108.0,2.0,5.0,0.0,0.5,0.0,0.0,0.3,5.8,0.0
2.0,"2019-08-04 16:02:04.000000","2019-08-04 16:26:19.000000",1.0,4.62,1.0,N,14.0,108.0,1.0,18.5,0.0,0.5,0.0,0.0,0.3,19.3,0.0
1.0,"2019-08-04 19:26:53.000000","2019-08-04 20:05:17.000000",2.0,15.3,1.0,Y,132.0,108.0,2.0,42.0,0.0,0.5,0.0,0.0,0.3,42.8,0.0
1.0,"2019-08-04 20:06:26.000000","2019-08-04 20:46:42.000000",2.0,19.8,1.0,N,132.0,108.0,1.0,54.5,0.5,0.5,0.0,0.0,0.3,55.8,0.0
2.0,"2019-08-05 10:44:32.000000","2019-08-05 11:33:29.000000",2.0,16.72,1.0,N,132.0,108.0,2.0,47.5,0.0,0.5,0.0,0.0,0.3,48.3,0.0
2.0,"2019-08-05 11:02:58.000000","2019-08-05 11:50:41.000000",2.0,14.36,5.0,N,132.0,108.0,2.0,168.75,0.0,0.5,0.0,0.0,0.3,169.55,0.0
2.0,"2019-08-05 14:25:56.000000","2019-08-05 14:29:59.000000",1.0,0.48,1.0,N,108.0,108.0,1.0,4.5,0.0,0.5,0.0,0.0,0.3,5.3,0.0
1.0,"2019-08-05 14:29:41.000000","2019-08-05 14:59:59.000000",1.0,15.8,1.0,N,132.0,108.0,1.0,43.5,0.0,0.5,8.85,0.0,0.3,53.15,0.0
2.0,"2019-08-05 16:21:56.000000","2019-08-05 17:41:14.000000",1.0,26.65,1.0,N,136.0,108.0,1.0,80.5,1.0,0.5,0.0,6.12,0.3,88.42,0.0
2.0,"2019-08-05 19:35:29.000000","2019-08-05 20:19:55.000000",2.0,18.5,1.0,N,239.0,108.0,2.0,53.0,1.0,0.5,0.0,6.12,0.3,63.42,2.5
2.0,"2019-08-05 19:17:43.000000","2019-08-05 19:52:42.000000",1.0,15.82,1.0,N,114.0,108.0,1.0,44.0,1.0,0.5,10.0,6.12,0.3,64.42,2.5
2.0,"2019-08-05 19:18:59.000000","2019-08-05 19:45:26.000000",1.0,16.38,1.0,N,132.0,108.0,2.0,44.5,1.0,0.5,0.0,0.0,0.3,46.3,0.0
2.0,"2019-08-05 21:07:31.000000","2019-08-05 21:38:40.000000",5.0,11.47,1.0,N,177.0,108.0,1.0,35.0,0.5,0.5,0.0,0.0,0.3,36.3,0.0
2.0,"2019-08-05 21:31:56.000000","2019-08-05 21:52:31.000000",2.0,15.5,1.0,N,132.0,108.0,1.0,41.5,0.5,0.5,9.45,4.44,0.3,56.69,0.0
2.0,"2019-08-06 00:17:26.000000","2019-08-06 01:02:43.000000",1.0,10.69,1.0,N,87.0,108.0,1.0,38.5,0.5,0.5,10.57,0.0,0.3,52.87,2.5
2.0,"2019-08-06 00:26:51.000000","2019-08-06 00:47:15.000000",1.0,15.7,1.0,N,132.0,108.0,1.0,42.5,0.5,0.5,0.0,0.0,0.3,43.8,0.0
2.0,"2019-08-06 00:07:18.000000","2019-08-06 00:31:21.000000",1.0,16.53,1.0,N,132.0,108.0,2.0,44.0,0.5,0.5,0.0,0.0,0.3,45.3,0.0
1.0,"2019-08-06 06:35:37.000000","2019-08-06 07:03:55.000000",1.0,0.0,1.0,N,17.0,108.0,1.0,37.2,0.0,0.5,0.0,0.0,0.3,38.0,0.0
2.0,"2019-08-06 08:12:09.000000","2019-08-06 08:35:32.000000",1.0,14.96,1.0,N,132.0,108.0,1.0,41.0,0.0,0.5,10.45,0.0,0.3,52.25,0.0
1.0,"2019-08-06 09:51:30.000000","2019-08-06 10:30:46.000000",1.0,0.0,1.0,N,97.0,108.0,1.0,34.2,0.0,0.5,0.0,0.0,0.3,35.0,0.0
2.0,"2019-08-06 10:04:11.000000","2019-08-06 10:39:41.000000",1.0,12.14,1.0,N,261.0,108.0,1.0,37.0,0.0,0.5,9.28,6.12,0.3,55.7,2.5
1.0,"2019-08-06 11:54:27.000000","2019-08-06 12:27:41.000000",1.0,4.8,1.0,N,26.0,108.0,1.0,23.0,0.0,0.5,0.0,0.0,0.3,23.8,0.0
2.0,"2019-08-06 13:04:56.000000","2019-08-06 13:55:39.000000",1.0,16.52,1.0,N,100.0,108.0,2.0,51.0,0.0,0.5,0.0,6.12,0.3,60.42,2.5
2.0,"2019-08-06 14:53:26.000000","2019-08-06 15:07:16.000000",1.0,1.71,1.0,N,123.0,108.0,1.0,10.5,0.0,0.5,14.7,0.0,0.3,26.0,0.0
1.0,"2019-08-06 15:19:35.000000","2019-08-06 16:15:43.000000",1.0,15.7,1.0,N,161.0,108.0,2.0,49.5,2.5,0.5,0.0,6.12,0.3,58.92,2.5
1.0,"2019-08-06 16:39:48.000000","2019-08-06 17:04:49.000000",1.0,0.0,1.0,N,88.0,108.0,1.0,43.2,0.0,0.5,0.0,0.0,0.3,44.0,0.0
1.0,"2019-08-06 17:37:55.000000","2019-08-06 18:12:54.000000",1.0,15.2,1.0,N,132.0,108.0,2.0,43.5,1.0,0.5,0.0,0.0,0.3,45.3,0.0
2.0,"2019-08-06 17:55:59.000000","2019-08-06 18:31:11.000000",2.0,15.54,1.0,N,132.0,108.0,1.0,44.0,1.0,0.5,5.0,0.0,0.3,50.8,0.0
1.0,"2019-08-06 21:56:14.000000","2019-08-06 22:13:24.000000",1.0,11.4,1.0,N,261.0,108.0,1.0,31.0,3.0,0.5,12.25,6.12,0.3,53.17,2.5
1.0,"2019-08-06 21:59:33.000000","2019-08-06 22:40:17.000000",1.0,19.2,1.0,N,186.0,108.0,1.0,55.5,3.0,0.5,6.0,0.0,0.3,65.3,2.5
1.0,"2019-08-06 22:19:56.000000","2019-08-06 22:47:16.000000",1.0,10.6,1.0,N,231.0,108.0,1.0,32.0,3.0,0.5,7.15,0.0,0.3,42.95,2.5
2.0,"2019-08-06 22:11:16.000000","2019-08-06 22:50:49.000000",2.0,18.99,1.0,N,143.0,108.0,1.0,54.0,0.5,0.5,0.0,6.12,0.3,63.92,2.5
1.0,"2019-08-06 22:34:53.000000","2019-08-06 23:20:39.000000",1.0,16.1,1.0,N,163.0,108.0,2.0,48.0,3.0,0.5,0.0,0.0,0.3,51.8,2.5
2.0,"2019-08-07 00:18:05.000000","2019-08-07 00:46:02.000000",2.0,15.53,1.0,N,87.0,108.0,1.0,43.5,0.5,0.5,11.82,0.0,0.3,59.12,2.5
2.0,"2019-08-07 00:40:02.000000","2019-08-07 00:46:04.000000",3.0,1.58,1.0,N,11.0,108.0,2.0,7.0,0.5,0.5,0.0,0.0,0.3,8.3,0.0
2.0,"2019-08-07 00:49:11.000000","2019-08-07 01:14:15.000000",1.0,15.7,1.0,N,132.0,108.0,1.0,43.0,0.5,0.5,6.0,0.0,0.3,50.3,0.0
2.0,"2019-08-07 00:22:48.000000","2019-08-07 01:05:11.000000",2.0,21.56,2.0,N,138.0,108.0,1.0,52.0,0.0,0.5,8.0,0.0,0.3,63.3,2.5
2.0,"2019-08-07 03:22:33.000000","2019-08-07 03:45:29.000000",2.0,13.92,1.0,N,231.0,108.0,1.0,37.5,0.5,0.5,0.0,0.0,0.3,41.3,2.5
2.0,"2019-08-07 09:33:11.000000","2019-08-07 10:15:50.000000",2.0,18.25,1.0,N,50.0,108.0,2.0,52.5,0.0,0.5,0.0,6.12,0.3,61.92,2.5
1.0,"2019-08-07 12:53:06.000000","2019-08-07 13:17:20.000000",1.0,4.0,1.0,N,149.0,108.0,1.0,18.5,0.0,0.5,0.0,0.0,0.3,19.3,0.0
1.0,"2019-08-07 13:21:40.000000","2019-08-07 13:36:35.000000",1.0,5.2,1.0,N,14.0,108.0,1.0,17.0,0.0,0.5,0.0,0.0,0.3,17.8,0.0
2.0,"2019-08-07 14:25:19.000000","2019-08-07 15:11:47.000000",1.0,16.56,1.0,N,262.0,108.0,2.0,48.0,0.0,0.5,0.0,0.0,0.3,51.3,2.5
1.0,"2019-08-07 15:05:33.000000","2019-08-07 15:11:08.000000",1.0,1.1,1.0,N,22.0,108.0,1.0,6.5,0.0,0.5,0.0,0.0,0.3,7.3,0.0
1.0,"2019-08-07 17:14:43.000000","2019-08-07 17:25:01.000000",1.0,3.9,1.0,N,178.0,108.0,1.0,13.0,1.0,0.5,0.0,0.0,0.3,14.8,0.0
2.0,"2019-08-07 18:56:23.000000","2019-08-07 19:44:38.000000",1.0,17.05,1.0,N,137.0,108.0,1.0,50.0,1.0,0.5,3.0,6.12,0.3,63.42,2.5
2.0,"2019-08-07 19:40:13.000000","2019-08-07 20:25:14.000000",2.0,10.92,1.0,N,249.0,108.0,2.0,37.0,1.0,0.5,0.0,6.12,0.3,47.42,2.5
1.0,"2019-08-07 20:22:05.000000","2019-08-07 20:47:53.000000",1.0,15.9,1.0,N,132.0,108.0,1.0,42.5,0.5,0.5,0.0,0.0,0.3,43.8,0.0
1.0,"2019-08-07 21:56:42.000000","2019-08-07 22:19:28.000000",1.0,16.8,1.0,N,132.0,108.0,1.0,45.0,0.5,0.5,9.25,0.0,0.3,55.55,0.0
2.0,"2019-08-07 21:52:10.000000","2019-08-07 22:33:50.000000",5.0,18.8,1.0,N,143.0,108.0,1.0,54.0,0.5,0.5,0.0,6.12,0.3,63.92,2.5
2.0,"2019-08-07 22:41:44.000000","2019-08-07 23:04:46.000000",2.0,13.0,1.0,N,209.0,108.0,1.0,36.0,0.5,0.5,5.0,0.0,0.3,44.8,2.5
1.0,"2019-08-07 23:44:26.000000","2019-08-08 00:09:51.000000",1.0,15.0,1.0,N,249.0,108.0,1.0,42.0,3.0,0.5,10.35,6.12,0.3,62.27,2.5
2.0,"2019-08-07 23:08:10.000000","2019-08-07 23:28:18.000000",1.0,16.16,1.0,N,132.0,108.0,1.0,43.0,0.5,0.5,5.65,0.0,0.3,49.95,0.0
1.0,"2019-08-08 00:07:44.000000","2019-08-08 00:37:18.000000",0.0,17.4,1.0,N,132.0,108.0,1.0,47.5,0.5,0.5,9.75,0.0,0.3,58.55,0.0
2.0,"2019-08-08 00:28:52.000000","2019-08-08 00:49:32.000000",1.0,16.29,1.0,N,132.0,108.0,1.0,43.5,0.5,0.5,8.96,0.0,0.3,53.76,0.0
1.0,"2019-08-08 01:14:53.000000","2019-08-08 01:43:21.000000",1.0,18.4,1.0,N,230.0,108.0,2.0,50.0,3.0,0.5,0.0,0.0,0.3,53.8,2.5
2.0,"2019-08-08 03:13:31.000000","2019-08-08 03:35:31.000000",1.0,16.67,1.0,N,132.0,108.0,1.0,44.5,0.5,0.5,0.0,0.0,0.3,45.8,0.0
2.0,"2019-08-08 04:00:57.000000","2019-08-08 04:20:29.000000",2.0,15.54,1.0,N,132.0,108.0,2.0,42.0,0.5,0.5,0.0,0.0,0.3,43.3,0.0
1.0,"2019-08-08 09:28:25.000000","2019-08-08 09:58:05.000000",1.0,15.4,1.0,N,132.0,108.0,2.0,42.5,0.0,0.5,0.0,0.0,0.3,43.3,0.0
1.0,"2019-08-08 13:00:59.000000","2019-08-08 13:18:25.000000",1.0,4.8,1.0,N,14.0,108.0,1.0,17.0,0.0,0.5,0.0,0.0,0.3,17.8,0.0
2.0,"2019-08-08 14:34:49.000000","2019-08-08 15:35:55.000000",3.0,17.38,1.0,N,263.0,108.0,2.0,54.5,0.0,0.5,0.0,0.0,0.3,57.8,2.5
1.0,"2019-08-08 16:42:40.000000","2019-08-08 17:16:38.000000",0.0,14.7,1.0,N,132.0,108.0,1.0,41.5,1.0,0.5,2.7,0.0,0.3,46.0,0.0
1.0,"2019-08-08 17:55:22.000000","2019-08-08 18:41:25.000000",1.0,16.5,1.0,N,132.0,108.0,2.0,48.0,1.0,0.5,0.0,0.0,0.3,49.8,0.0
2.0,"2019-08-08 18:38:07.000000","2019-08-08 19:11:45.000000",1.0,15.84,1.0,N,132.0,108.0,1.0,45.0,1.0,0.5,9.36,0.0,0.3,56.16,0.0
2.0,"2019-08-08 19:38:49.000000","2019-08-08 20:10:09.000000",1.0,15.49,1.0,N,132.0,108.0,2.0,43.0,1.0,0.5,0.0,0.0,0.3,44.8,0.0
2.0,"2019-08-08 21:20:03.000000","2019-08-08 21:43:25.000000",1.0,15.29,1.0,N,132.0,108.0,2.0,41.5,0.5,0.5,0.0,0.0,0.3,42.8,0.0
2.0,"2019-08-08 21:53:01.000000","2019-08-08 22:40:12.000000",1.0,18.1,1.0,N,230.0,108.0,1.0,54.0,0.5,0.5,12.78,6.12,0.3,76.7,2.5
1.0,"2019-08-08 21:21:33.000000","2019-08-08 22:00:23.000000",1.0,11.2,1.0,N,249.0,108.0,2.0,36.5,3.0,0.5,0.0,6.12,0.3,46.42,2.5
1.0,"2019-08-08 22:26:04.000000","2019-08-08 22:59:41.000000",1.0,16.5,1.0,N,186.0,108.0,1.0,46.0,3.0,0.5,5.0,6.12,0.3,60.92,2.5
2.0,"2019-08-08 22:26:08.000000","2019-08-08 23:09:39.000000",5.0,18.78,1.0,N,143.0,108.0,1.0,54.5,0.5,0.5,0.0,6.12,0.3,64.42,2.5
1.0,"2019-08-09 00:06:01.000000","2019-08-09 00:20:14.000000",1.0,6.9,5.0,N,155.0,108.0,3.0,0.0,0.0,0.0,0.0,0.0,0.3,0.3,0.0
1.0,"2019-08-09 00:21:29.000000","2019-08-09 00:23:16.000000",1.0,6.9,5.0,N,108.0,108.0,3.0,0.0,0.0,0.0,0.0,0.0,0.3,0.3,0.0
2.0,"2019-08-09 02:33:43.000000","2019-08-09 02:54:17.000000",2.0,16.3,1.0,N,132.0,108.0,2.0,43.5,0.5,0.5,0.0,0.0,0.3,44.8,0.0
2.0,"2019-08-09 06:05:44.000000","2019-08-09 06:43:07.000000",2.0,17.56,1.0,N,236.0,108.0,1.0,50.5,0.0,0.5,10.76,0.0,0.3,64.56,2.5
2.0,"2019-08-09 08:20:54.000000","2019-08-09 08:47:58.000000",1.0,16.45,1.0,N,132.0,108.0,2.0,44.0,0.0,0.5,0.0,0.0,0.3,44.8,0.0
1.0,"2019-08-09 10:37:12.000000","2019-08-09 10:43:42.000000",1.0,0.0,1.0,N,11.0,108.0,1.0,49.2,0.0,0.5,0.0,6.12,0.3,56.12,0.0
2.0,"2019-08-09 12:42:02.000000","2019-08-09 14:00:05.000000",1.0,21.99,1.0,N,138.0,108.0,2.0,66.0,0.0,0.5,0.0,0.0,0.3,66.8,0.0
1.0,"2019-08-09 12:55:00.000000","2019-08-09 13:49:46.000000",1.0,0.0,1.0,N,80.0,108.0,1.0,36.2,0.0,0.5,0.0,0.0,0.3,37.0,0.0
1.0,"2019-08-09 13:00:27.000000","2019-08-09 13:53:46.000000",1.0,17.1,1.0,N,161.0,108.0,1.0,52.0,2.5,0.5,0.0,0.0,0.3,55.3,2.5
2.0,"2019-08-09 14:19:01.000000","2019-08-09 15:06:06.000000",1.0,15.65,1.0,N,132.0,108.0,2.0,47.0,0.0,0.5,0.0,0.0,0.3,47.8,0.0
1.0,"2019-08-09 14:04:59.000000","2019-08-09 14:43:01.000000",2.0,8.2,1.0,N,25.0,108.0,1.0,31.0,0.0,0.5,2.5,0.0,0.3,34.3,0.0
2.0,"2019-08-09 14:34:02.000000","2019-08-09 15:44:27.000000",1.0,22.64,1.0,N,138.0,108.0,1.0,66.5,0.0,0.5,13.46,0.0,0.3,80.76,0.0
2.0,"2019-08-09 14:01:07.000000","2019-08-09 14:28:35.000000",1.0,4.25,2.0,N,133.0,108.0,1.0,52.0,0.0,0.5,10.56,0.0,0.3,63.36,0.0
1.0,"2019-08-09 16:29:16.000000","2019-08-09 16:36:06.000000",0.0,1.1,1.0,N,11.0,108.0,1.0,6.5,1.0,0.5,0.0,0.0,0.3,8.3,0.0
1.0,"2019-08-09 17:35:52.000000","2019-08-09 18:06:24.000000",1.0,8.6,1.0,N,65.0,108.0,2.0,28.0,1.0,0.5,0.0,0.0,0.3,29.8,0.0
1.0,"2019-08-09 19:30:43.000000","2019-08-09 20:01:02.000000",1.0,10.8,1.0,N,249.0,108.0,2.0,32.5,3.0,0.5,0.0,6.12,0.3,42.42,2.5
2.0,"2019-08-09 20:45:52.000000","2019-08-09 21:16:35.000000",1.0,17.08,1.0,N,132.0,108.0,1.0,46.5,0.5,0.5,9.56,0.0,0.3,57.36,0.0
1.0,"2019-08-09 22:27:19.000000","2019-08-09 23:08:18.000000",1.0,14.2,1.0,N,164.0,108.0,1.0,44.0,3.0,0.5,9.55,0.0,0.3,57.35,2.5
2.0,"2019-08-10 00:34:01.000000","2019-08-10 01:18:19.000000",1.0,20.61,1.0,N,163.0,108.0,1.0,58.0,0.5,0.5,12.0,0.0,0.3,73.8,2.5
2.0,"2019-08-10 00:07:46.000000","2019-08-10 00:58:13.000000",2.0,24.05,1.0,N,132.0,108.0,2.0,68.0,0.5,0.5,0.0,0.0,0.3,69.3,0.0
2.0,"2019-08-10 00:05:11.000000","2019-08-10 00:35:59.000000",2.0,16.58,1.0,N,13.0,108.0,2.0,46.5,0.5,0.5,0.0,0.0,0.3,50.3,2.5
2.0,"2019-08-10 01:38:41.000000","2019-08-10 02:03:23.000000",1.0,16.97,1.0,N,132.0,108.0,1.0,46.0,0.5,0.5,9.46,0.0,0.3,56.76,0.0
1.0,"2019-08-10 01:49:04.000000","2019-08-10 02:28:53.000000",1.0,13.8,1.0,N,148.0,108.0,1.0,39.5,3.0,0.5,8.65,0.0,0.3,51.95,2.5
2.0,"2019-08-10 12:52:15.000000","2019-08-10 13:05:45.000000",2.0,2.06,1.0,N,149.0,108.0,1.0,11.0,0.0,0.5,0.0,0.0,0.3,11.8,0.0
1.0,"2019-08-10 14:06:03.000000","2019-08-10 14:51:31.000000",1.0,0.0,1.0,N,170.0,108.0,1.0,40.2,0.0,0.5,0.0,0.0,0.3,41.0,0.0
1.0,"2019-08-10 16:34:12.000000","2019-08-10 17:05:05.000000",1.0,12.9,1.0,N,13.0,108.0,1.0,37.5,2.5,0.5,2.0,6.12,0.3,48.92,2.5
2.0,"2019-08-10 17:12:51.000000","2019-08-10 17:49:36.000000",1.0,11.1,1.0,N,249.0,108.0,2.0,37.0,0.0,0.5,0.0,6.12,0.3,46.42,2.5
1.0,"2019-08-10 17:39:42.000000","2019-08-10 18:19:52.000000",4.0,16.3,1.0,Y,132.0,108.0,1.0,46.0,0.0,0.5,6.0,0.0,0.3,52.8,0.0
1.0,"2019-08-10 18:41:46.000000","2019-08-10 19:25:22.000000",1.0,0.0,1.0,N,100.0,108.0,1.0,39.2,0.0,0.5,0.0,0.0,0.3,40.0,0.0
1.0,"2019-08-10 18:06:48.000000","2019-08-10 18:51:01.000000",4.0,16.9,1.0,N,132.0,108.0,2.0,48.5,0.0,0.5,0.0,0.0,0.3,49.3,0.0
1.0,"2019-08-10 19:27:08.000000","2019-08-10 19:44:26.000000",1.0,2.8,1.0,N,55.0,108.0,1.0,13.5,0.0,0.5,0.0,0.0,0.3,14.3,0.0
2.0,"2019-08-10 19:08:41.000000","2019-08-10 19:37:49.000000",1.0,12.96,1.0,N,87.0,108.0,1.0,37.5,0.0,0.5,9.38,6.12,0.3,56.3,2.5
1.0,"2019-08-10 20:05:27.000000","2019-08-10 20:37:44.000000",4.0,16.7,1.0,N,132.0,108.0,2.0,45.5,0.5,0.5,0.0,0.0,0.3,46.8,0.0
1.0,"2019-08-10 21:00:35.000000","2019-08-10 21:40:50.000000",1.0,19.0,1.0,N,170.0,108.0,1.0,53.0,3.0,0.5,1.0,0.0,0.3,57.8,2.5
2.0,"2019-08-10 22:53:30.000000","2019-08-10 23:45:58.000000",1.0,16.96,1.0,N,186.0,108.0,1.0,52.5,0.5,0.5,55.0,0.0,0.3,111.3,2.5
2.0,"2019-08-10 22:26:34.000000","2019-08-10 22:58:27.000000",2.0,13.89,1.0,N,211.0,108.0,2.0,40.0,0.5,0.5,0.0,0.0,0.3,43.8,2.5
1.0,"2019-08-10 23:54:15.000000","2019-08-11 00:21:02.000000",2.0,15.1,1.0,N,87.0,108.0,4.0,42.0,3.0,0.5,0.0,0.0,0.3,45.8,2.5
1.0,"2019-08-11 01:37:23.000000","2019-08-11 02:02:25.000000",2.0,14.8,1.0,N,158.0,108.0,2.0,40.5,3.0,0.5,0.0,6.12,0.3,50.42,2.5
2.0,"2019-08-11 03:31:57.000000","2019-08-11 03:59:08.000000",1.0,14.7,1.0,N,211.0,108.0,2.0,41.5,0.5,0.5,0.0,0.0,0.3,45.3,2.5
2.0,"2019-08-11 10:03:12.000000","2019-08-11 10:42:23.000000",6.0,13.58,1.0,N,100.0,108.0,2.0,42.5,0.0,0.5,0.0,6.12,0.3,51.92,2.5
1.0,"2019-08-11 14:00:58.000000","2019-08-11 14:43:30.000000",1.0,0.0,1.0,N,36.0,108.0,1.0,36.2,0.0,0.5,0.0,0.0,0.3,37.0,0.0
1.0,"2019-08-11 14:40:38.000000","2019-08-11 15:17:17.000000",1.0,0.0,1.0,N,25.0,108.0,1.0,32.2,0.0,0.5,0.0,0.0,0.3,33.0,0.0
1.0,"2019-08-11 15:57:55.000000","2019-08-11 16:35:04.000000",2.0,15.3,1.0,N,132.0,108.0,2.0,43.0,0.0,0.5,0.0,0.0,0.3,43.8,0.0
2.0,"2019-08-11 15:24:46.000000","2019-08-11 16:05:55.000000",1.0,16.73,1.0,N,163.0,108.0,1.0,49.5,0.0,0.5,14.73,6.12,0.3,73.65,2.5
2.0,"2019-08-11 17:40:56.000000","2019-08-11 18:19:13.000000",1.0,16.98,1.0,N,132.0,108.0,2.0,46.5,0.0,0.5,0.0,0.0,0.3,47.3,0.0
2.0,"2019-08-11 17:01:17.000000","2019-08-11 17:52:09.000000",4.0,21.71,1.0,N,138.0,108.0,2.0,61.0,0.0,0.5,0.0,0.0,0.3,61.8,0.0
2.0,"2019-08-11 17:59:22.000000","2019-08-11 18:34:32.000000",1.0,14.87,1.0,N,132.0,108.0,2.0,41.0,0.0,0.5,0.0,0.0,0.3,41.8,0.0
2.0,"2019-08-11 19:14:46.000000","2019-08-11 19:57:06.000000",1.0,16.91,1.0,N,132.0,108.0,2.0,48.0,0.0,0.5,0.0,0.0,0.3,48.8,0.0
1.0,"2019-08-12 05:15:53.000000","2019-08-12 05:33:35.000000",1.0,16.5,1.0,N,132.0,108.0,2.0,43.5,0.5,0.5,0.0,0.0,0.3,44.8,0.0
1.0,"2019-08-12 06:20:00.000000","2019-08-12 06:28:30.000000",1.0,4.3,1.0,N,14.0,108.0,1.0,13.5,0.0,0.5,0.0,0.0,0.3,14.3,0.0
1.0,"2019-08-12 10:51:31.000000","2019-08-12 11:47:51.000000",1.0,0.0,1.0,N,170.0,108.0,1.0,36.2,0.0,0.5,0.0,0.0,0.3,37.0,0.0
1.0,"2019-08-12 11:43:24.000000","2019-08-12 11:55:20.000000",1.0,1.6,1.0,N,22.0,108.0,1.0,9.5,0.0,0.5,0.0,0.0,0.3,10.3,0.0
2.0,"2019-08-12 12:20:18.000000","2019-08-12 13:05:07.000000",1.0,16.32,1.0,N,132.0,108.0,2.0,50.5,0.0,0.5,0.0,0.0,0.3,51.3,0.0
1.0,"2019-08-12 13:48:23.000000","2019-08-12 13:57:34.000000",2.0,1.6,1.0,N,210.0,108.0,1.0,8.0,0.0,0.5,0.0,0.0,0.3,8.8,0.0
1.0,"2019-08-12 13:11:04.000000","2019-08-12 13:26:30.000000",2.0,3.9,1.0,N,165.0,108.0,1.0,15.0,0.0,0.5,0.0,0.0,0.3,15.8,0.0
1.0,"2019-08-12 13:41:50.000000","2019-08-12 13:54:40.000000",2.0,2.5,1.0,N,11.0,108.0,1.0,11.5,0.0,0.5,0.0,0.0,0.3,12.3,0.0
2.0,"2019-08-12 13:39:02.000000","2019-08-12 14:21:40.000000",1.0,15.54,1.0,N,132.0,108.0,2.0,48.0,0.0,0.5,0.0,0.0,0.3,48.8,0.0
2.0,"2019-08-12 14:55:53.000000","2019-08-12 15:37:30.000000",1.0,16.42,1.0,N,132.0,108.0,2.0,47.0,0.0,0.5,0.0,0.0,0.3,47.8,0.0
1.0,"2019-08-12 14:55:30.000000","2019-08-12 15:59:04.000000",1.0,14.1,1.0,N,230.0,108.0,2.0,50.0,2.5,0.5,0.0,0.0,0.3,53.3,2.5
2.0,"2019-08-12 18:52:23.000000","2019-08-12 19:50:29.000000",5.0,20.16,1.0,N,161.0,108.0,1.0,60.5,1.0,0.5,0.0,0.0,0.3,64.8,2.5
2.0,"2019-08-12 21:47:46.000000","2019-08-12 22:11:45.000000",2.0,15.58,1.0,N,132.0,108.0,2.0,42.5,0.5,0.5,0.0,0.0,0.3,43.8,0.0
2.0,"2019-08-12 22:54:45.000000","2019-08-12 23:37:33.000000",1.0,19.35,1.0,N,230.0,108.0,1.0,56.0,0.5,0.5,11.96,0.0,0.3,71.76,2.5
1.0,"2019-08-12 22:47:11.000000","2019-08-12 23:08:51.000000",1.0,5.3,1.0,N,257.0,108.0,1.0,20.0,0.5,0.5,0.0,0.0,0.3,21.3,0.0
2.0,"2019-08-12 23:23:08.000000","2019-08-12 23:45:07.000000",1.0,15.61,1.0,N,264.0,108.0,1.0,42.5,0.5,0.5,5.0,0.0,0.3,48.8,0.0
2.0,"2019-08-12 21:43:11.000000","2019-08-13 21:32:26.000000",1.0,18.5,1.0,N,138.0,108.0,1.0,54.5,0.5,0.5,0.0,0.0,0.3,55.8,0.0
1.0,"2019-08-13 03:58:33.000000","2019-08-13 04:23:07.000000",1.0,14.3,1.0,N,231.0,108.0,1.0,40.0,3.0,0.5,0.0,0.0,0.3,43.8,2.5
2.0,"2019-08-13 05:30:28.000000","2019-08-13 05:51:47.000000",1.0,15.48,1.0,N,132.0,108.0,1.0,42.0,0.5,0.5,8.66,0.0,0.3,51.96,0.0
2.0,"2019-08-13 07:52:38.000000","2019-08-13 07:58:34.000000",1.0,1.5,1.0,N,29.0,108.0,2.0,7.0,0.0,0.5,0.0,0.0,0.3,7.8,0.0
2.0,"2019-08-13 12:42:26.000000","2019-08-13 13:08:14.000000",3.0,10.56,1.0,N,33.0,108.0,1.0,31.5,0.0,0.5,0.0,0.0,0.3,32.3,0.0
1.0,"2019-08-13 13:28:08.000000","2019-08-13 14:07:04.000000",1.0,0.0,1.0,N,170.0,108.0,1.0,42.2,0.0,0.5,0.0,0.0,0.3,43.0,0.0
2.0,"2019-08-13 14:13:30.000000","2019-08-13 14:51:46.000000",5.0,16.73,1.0,N,132.0,108.0,2.0,49.0,0.0,0.5,0.0,0.0,0.3,49.8,0.0
1.0,"2019-08-13 16:22:09.000000","2019-08-13 16:53:07.000000",1.0,15.5,1.0,N,132.0,108.0,2.0,42.5,0.0,0.5,0.0,0.0,0.3,43.3,0.0
2.0,"2019-08-13 18:55:48.000000","2019-08-13 19:20:13.000000",1.0,15.71,1.0,N,132.0,108.0,1.0,42.5,1.0,0.5,8.86,0.0,0.3,53.16,0.0
1.0,"2019-08-13 18:15:31.000000","2019-08-13 19:08:16.000000",1.0,19.8,1.0,N,100.0,108.0,1.0,59.0,3.5,0.5,4.0,0.0,0.3,67.3,2.5
1.0,"2019-08-13 18:16:07.000000","2019-08-13 18:53:55.000000",1.0,0.0,1.0,N,87.0,108.0,1.0,34.2,0.0,0.5,0.0,0.0,0.3,35.0,0.0
1.0,"2019-08-13 19:31:03.000000","2019-08-13 20:12:28.000000",1.0,19.0,1.0,N,230.0,108.0,2.0,54.5,3.5,0.5,0.0,6.12,0.3,64.92,2.5
2.0,"2019-08-13 20:37:31.000000","2019-08-13 20:55:52.000000",1.0,15.03,1.0,N,132.0,108.0,2.0,41.0,0.5,0.5,0.0,0.0,0.3,42.3,0.0
1.0,"2019-08-14 01:50:15.000000","2019-08-14 02:13:35.000000",2.0,17.0,1.0,N,132.0,108.0,2.0,45.5,0.5,0.5,0.0,0.0,0.3,46.8,0.0
1.0,"2019-08-14 01:09:17.000000","2019-08-14 01:30:44.000000",1.0,16.5,1.0,N,132.0,108.0,2.0,44.0,0.5,0.5,0.0,0.0,0.3,45.3,0.0
1.0,"2019-08-14 06:54:23.000000","2019-08-14 07:46:56.000000",1.0,0.0,1.0,N,200.0,108.0,1.0,60.2,0.0,0.5,0.0,2.8,0.3,63.8,0.0
1.0,"2019-08-14 09:45:54.000000","2019-08-14 10:12:51.000000",2.0,3.1,1.0,N,26.0,108.0,1.0,18.5,0.0,0.5,4.8,0.0,0.3,24.1,0.0
2.0,"2019-08-14 10:49:45.000000","2019-08-14 11:14:58.000000",1.0,15.5,1.0,N,132.0,108.0,2.0,42.5,0.0,0.5,0.0,0.0,0.3,43.3,0.0
2.0,"2019-08-14 12:35:36.000000","2019-08-14 13:00:44.000000",2.0,16.19,1.0,N,132.0,108.0,1.0,44.0,0.0,0.5,8.96,0.0,0.3,53.76,0.0
2.0,"2019-08-14 13:41:16.000000","2019-08-14 14:17:10.000000",1.0,18.21,1.0,N,137.0,108.0,2.0,50.0,0.0,0.5,0.0,6.12,0.3,59.42,2.5
2.0,"2019-08-14 13:03:19.000000","2019-08-14 13:41:06.000000",2.0,18.59,1.0,N,233.0,108.0,2.0,53.0,0.0,0.5,0.0,6.12,0.3,62.42,2.5
1.0,"2019-08-14 15:16:07.000000","2019-08-14 16:14:25.000000",1.0,0.0,1.0,N,24.0,108.0,1.0,49.2,0.0,0.5,0.0,6.12,0.3,56.12,0.0
2.0,"2019-08-14 17:42:52.000000","2019-08-14 18:41:34.000000",1.0,15.29,1.0,N,132.0,108.0,2.0,48.5,1.0,0.5,0.0,0.0,0.3,50.3,0.0
2.0,"2019-08-14 18:00:32.000000","2019-08-14 18:55:08.000000",4.0,17.36,1.0,N,132.0,108.0,2.0,50.5,1.0,0.5,0.0,0.0,0.3,52.3,0.0
2.0,"2019-08-14 19:44:27.000000","2019-08-14 20:16:09.000000",1.0,16.75,1.0,N,234.0,108.0,1.0,46.0,1.0,0.5,11.28,6.12,0.3,67.7,2.5
1.0,"2019-08-14 20:38:02.000000","2019-08-14 21:01:20.000000",2.0,13.4,1.0,N,87.0,108.0,1.0,37.5,3.0,0.5,4.0,0.0,0.3,45.3,2.5
1.0,"2019-08-14 21:19:52.000000","2019-08-14 21:53:05.000000",1.0,14.8,1.0,N,249.0,108.0,2.0,42.5,3.0,0.5,0.0,0.0,0.3,46.3,2.5
1.0,"2019-08-14 22:22:55.000000","2019-08-14 22:43:11.000000",1.0,0.0,1.0,N,181.0,108.0,1.0,28.2,0.0,0.5,0.0,0.0,0.3,29.0,0.0
2.0,"2019-08-14 23:29:27.000000","2019-08-15 00:46:02.000000",1.0,31.6,2.0,N,132.0,108.0,1.0,52.0,0.0,0.5,11.78,6.12,0.3,70.7,0.0
2.0,"2019-08-14 23:41:34.000000","2019-08-15 00:26:02.000000",1.0,24.67,1.0,N,247.0,108.0,1.0,66.5,0.5,0.5,0.0,6.12,0.3,73.92,0.0
2.0,"2019-08-15 01:31:34.000000","2019-08-15 02:10:51.000000",1.0,16.27,1.0,N,170.0,108.0,2.0,47.0,0.5,0.5,0.0,0.0,0.3,50.8,2.5
1.0,"2019-08-15 03:32:01.000000","2019-08-15 03:54:55.000000",2.0,10.8,1.0,N,231.0,108.0,1.0,31.0,3.0,0.5,0.0,0.0,0.3,34.8,2.5
2.0,"2019-08-15 08:36:58.000000","2019-08-15 09:39:18.000000",1.0,24.25,1.0,N,138.0,108.0,2.0,66.5,0.0,0.5,0.0,0.0,0.3,67.3,0.0
1.0,"2019-08-15 14:16:24.000000","2019-08-15 14:41:55.000000",1.0,15.1,1.0,N,132.0,108.0,2.0,40.5,2.5,0.5,0.0,0.0,0.3,43.8,0.0
2.0,"2019-08-15 16:36:04.000000","2019-08-15 17:41:58.000000",1.0,15.16,1.0,N,142.0,108.0,2.0,52.5,1.0,0.5,0.0,6.12,0.3,62.92,2.5
2.0,"2019-08-15 17:14:47.000000","2019-08-15 18:05:08.000000",1.0,15.92,1.0,N,132.0,108.0,2.0,48.0,1.0,0.5,0.0,0.0,0.3,49.8,0.0
1.0,"2019-08-15 17:35:34.000000","2019-08-15 18:26:18.000000",4.0,16.6,1.0,N,132.0,108.0,2.0,47.5,1.0,0.5,0.0,0.0,0.3,49.3,0.0
1.0,"2019-08-15 19:09:29.000000","2019-08-15 19:29:11.000000",1.0,0.0,1.0,N,181.0,108.0,1.0,28.2,0.0,0.5,0.0,0.0,0.3,29.0,0.0
1.0,"2019-08-15 19:29:16.000000","2019-08-15 19:29:49.000000",1.0,0.0,1.0,N,108.0,108.0,1.0,28.2,0.0,0.5,0.0,0.0,0.3,29.0,0.0
2.0,"2019-08-15 22:01:38.000000","2019-08-15 22:41:49.000000",5.0,18.8,1.0,N,143.0,108.0,1.0,53.0,0.5,0.5,0.0,6.12,0.3,62.92,2.5
1.0,"2019-08-15 22:27:29.000000","2019-08-15 23:03:28.000000",0.0,23.7,1.0,N,138.0,108.0,2.0,63.0,0.5,0.5,0.0,0.0,0.3,64.3,0.0
2.0,"2019-08-15 23:29:50.000000","2019-08-15 23:54:50.000000",4.0,14.41,1.0,N,255.0,108.0,1.0,40.0,0.5,0.5,12.39,0.0,0.3,53.69,0.0
2.0,"2019-08-16 00:13:53.000000","2019-08-16 00:38:51.000000",1.0,15.28,1.0,N,87.0,108.0,1.0,42.0,0.5,0.5,9.16,0.0,0.3,54.96,2.5
2.0,"2019-08-16 01:23:32.000000","2019-08-16 01:55:40.000000",2.0,22.17,1.0,N,138.0,108.0,1.0,58.5,0.5,0.5,5.0,0.0,0.3,64.8,0.0
1.0,"2019-08-16 07:56:11.000000","2019-08-16 08:44:33.000000",1.0,0.0,1.0,N,200.0,108.0,1.0,60.2,0.0,0.5,0.0,8.92,0.3,69.92,0.0
1.0,"2019-08-16 10:40:03.000000","2019-08-16 11:31:10.000000",1.0,16.5,1.0,Y,132.0,108.0,2.0,52.0,0.0,0.5,0.0,0.0,0.3,52.8,0.0
1.0,"2019-08-16 13:32:29.000000","2019-08-16 14:10:01.000000",0.0,16.3,1.0,N,132.0,108.0,1.0,45.5,0.0,0.5,9.25,0.0,0.3,55.55,0.0
1.0,"2019-08-16 13:12:36.000000","2019-08-16 13:28:42.000000",1.0,4.4,1.0,N,67.0,108.0,1.0,16.0,0.0,0.5,0.0,0.0,0.3,16.8,0.0
1.0,"2019-08-16 14:07:36.000000","2019-08-16 14:53:38.000000",1.0,17.0,1.0,N,132.0,108.0,2.0,49.5,0.0,0.5,0.0,0.0,0.3,50.3,0.0
1.0,"2019-08-16 14:22:01.000000","2019-08-16 14:47:35.000000",1.0,0.0,1.0,N,195.0,108.0,1.0,50.2,0.0,0.5,0.0,6.12,0.3,57.12,0.0
2.0,"2019-08-16 14:39:09.000000","2019-08-16 15:17:22.000000",1.0,16.38,1.0,N,132.0,108.0,2.0,46.5,0.0,0.5,0.0,0.0,0.3,47.3,0.0
1.0,"2019-08-16 15:31:13.000000","2019-08-16 15:51:18.000000",1.0,0.0,1.0,N,261.0,108.0,1.0,48.2,0.0,0.5,0.0,6.12,0.3,55.12,0.0
2.0,"2019-08-16 16:49:00.000000","2019-08-16 17:52:23.000000",2.0,17.46,1.0,N,132.0,108.0,2.0,60.0,1.0,0.5,0.0,0.0,0.3,61.8,0.0
1.0,"2019-08-16 18:17:46.000000","2019-08-16 18:46:34.000000",1.0,15.9,1.0,N,132.0,108.0,2.0,43.5,1.0,0.5,0.0,0.0,0.3,45.3,0.0
2.0,"2019-08-16 18:34:40.000000","2019-08-16 19:10:03.000000",1.0,11.16,1.0,N,249.0,108.0,2.0,35.0,1.0,0.5,0.0,6.12,0.3,45.42,2.5
2.0,"2019-08-16 18:25:59.000000","2019-08-16 18:58:27.000000",1.0,16.57,1.0,N,132.0,108.0,2.0,46.5,1.0,0.5,0.0,0.0,0.3,48.3,0.0
2.0,"2019-08-16 20:19:08.000000","2019-08-16 20:44:29.000000",1.0,12.99,1.0,N,88.0,108.0,1.0,37.0,0.5,0.5,14.08,6.12,0.3,61.0,2.5
2.0,"2019-08-16 21:34:23.000000","2019-08-16 22:17:54.000000",5.0,18.78,1.0,N,143.0,108.0,1.0,55.0,0.5,0.5,0.0,6.12,0.3,64.92,2.5
2.0,"2019-08-16 23:56:05.000000","2019-08-17 00:34:23.000000",1.0,14.57,1.0,N,164.0,108.0,1.0,44.0,0.5,0.5,9.56,0.0,0.3,57.36,2.5
2.0,"2019-08-17 03:19:13.000000","2019-08-17 03:42:48.000000",2.0,16.54,1.0,N,132.0,108.0,2.0,44.5,0.5,0.5,0.0,0.0,0.3,45.8,0.0
1.0,"2019-08-17 03:10:57.000000","2019-08-17 03:33:03.000000",1.0,14.3,1.0,N,231.0,108.0,1.0,39.0,3.0,0.5,0.0,0.0,0.3,42.8,2.5
2.0,"2019-08-17 04:45:44.000000","2019-08-17 05:09:00.000000",1.0,14.71,1.0,N,113.0,108.0,1.0,40.0,0.5,0.5,8.76,0.0,0.3,52.56,2.5
1.0,"2019-08-17 09:56:05.000000","2019-08-17 10:33:22.000000",0.0,17.2,1.0,N,50.0,108.0,1.0,49.0,2.5,0.5,0.0,6.12,0.3,58.42,2.5
1.0,"2019-08-17 10:19:22.000000","2019-08-17 10:45:57.000000",1.0,15.3,1.0,N,132.0,108.0,2.0,41.5,0.0,0.5,0.0,0.0,0.3,42.3,0.0
1.0,"2019-08-17 12:35:21.000000","2019-08-17 13:04:26.000000",1.0,17.5,1.0,N,132.0,108.0,2.0,46.5,0.0,0.5,0.0,0.0,0.3,47.3,0.0
2.0,"2019-08-17 14:27:57.000000","2019-08-17 14:43:34.000000",1.0,3.31,1.0,N,22.0,108.0,2.0,14.0,0.0,0.5,0.0,0.0,0.3,14.8,0.0
1.0,"2019-08-17 15:25:12.000000","2019-08-17 15:56:34.000000",1.0,16.4,1.0,N,132.0,108.0,2.0,45.0,0.0,0.5,0.0,0.0,0.3,45.8,0.0
1.0,"2019-08-17 15:54:41.000000","2019-08-17 16:25:34.000000",2.0,16.3,1.0,N,132.0,108.0,1.0,44.5,0.0,0.5,5.0,0.0,0.3,50.3,0.0
1.0,"2019-08-17 17:03:50.000000","2019-08-17 17:42:38.000000",2.0,16.6,1.0,N,132.0,108.0,2.0,46.5,0.0,0.5,0.0,0.0,0.3,47.3,0.0
2.0,"2019-08-17 18:32:38.000000","2019-08-17 19:25:35.000000",1.0,18.62,1.0,N,164.0,108.0,1.0,55.5,0.0,0.5,14.7,0.0,0.3,73.5,2.5
2.0,"2019-08-17 20:16:00.000000","2019-08-17 20:50:07.000000",1.0,15.25,1.0,N,132.0,108.0,1.0,42.0,0.5,0.5,8.66,0.0,0.3,51.96,0.0
2.0,"2019-08-17 20:48:05.000000","2019-08-17 21:29:46.000000",2.0,16.26,1.0,N,237.0,108.0,1.0,48.5,0.5,0.5,0.0,6.12,0.3,58.42,2.5
2.0,"2019-08-18 00:04:04.000000","2019-08-18 00:27:15.000000",1.0,15.92,1.0,N,132.0,108.0,2.0,43.5,0.5,0.5,0.0,0.0,0.3,44.8,0.0
2.0,"2019-08-18 00:10:58.000000","2019-08-18 00:52:27.000000",1.0,15.36,1.0,N,132.0,108.0,2.0,50.5,0.5,0.5,0.0,0.0,0.3,51.8,0.0
2.0,"2019-08-18 00:28:10.000000","2019-08-18 01:02:27.000000",4.0,15.29,1.0,N,114.0,108.0,2.0,44.5,0.5,0.5,0.0,0.0,0.3,48.3,2.5
2.0,"2019-08-18 08:39:38.000000","2019-08-18 09:06:10.000000",3.0,10.69,1.0,N,97.0,108.0,1.0,33.5,0.0,0.5,4.0,0.0,0.3,38.3,0.0
2.0,"2019-08-18 08:54:30.000000","2019-08-18 09:18:55.000000",1.0,16.5,1.0,N,132.0,108.0,2.0,45.0,0.0,0.5,0.0,0.0,0.3,45.8,0.0
2.0,"2019-08-18 15:35:43.000000","2019-08-18 16:06:29.000000",2.0,15.09,1.0,N,132.0,108.0,2.0,41.5,0.0,0.5,0.0,0.0,0.3,42.3,0.0
1.0,"2019-08-18 16:21:19.000000","2019-08-18 17:33:58.000000",1.0,17.4,1.0,N,100.0,108.0,2.0,60.0,2.5,0.5,0.0,0.0,0.3,63.3,2.5
2.0,"2019-08-18 16:47:29.000000","2019-08-18 17:25:42.000000",1.0,16.08,1.0,N,132.0,108.0,1.0,44.5,0.0,0.5,9.06,0.0,0.3,54.36,0.0
2.0,"2019-08-18 19:11:13.000000","2019-08-18 19:51:58.000000",4.0,15.97,1.0,N,132.0,108.0,1.0,44.5,0.0,0.5,10.0,0.0,0.3,55.3,0.0
1.0,"2019-08-18 20:29:36.000000","2019-08-18 21:05:59.000000",2.0,16.2,1.0,N,234.0,108.0,1.0,45.5,3.0,0.5,5.0,6.12,0.3,60.42,2.5
2.0,"2019-08-18 20:57:16.000000","2019-08-18 21:36:28.000000",1.0,10.93,1.0,N,249.0,108.0,2.0,35.0,0.5,0.5,0.0,0.0,0.3,38.8,2.5
2.0,"2019-08-19 05:48:01.000000","2019-08-19 06:09:38.000000",1.0,16.65,1.0,N,132.0,108.0,1.0,44.5,0.5,0.5,9.16,0.0,0.3,54.96,0.0
1.0,"2019-08-19 05:24:31.000000","2019-08-19 05:58:46.000000",1.0,20.3,1.0,N,48.0,108.0,1.0,55.0,3.0,0.5,10.0,0.0,0.3,68.8,2.5
2.0,"2019-08-19 06:05:37.000000","2019-08-19 06:32:24.000000",1.0,16.59,1.0,N,132.0,108.0,1.0,45.5,0.0,0.5,0.0,0.0,0.3,46.3,0.0
2.0,"2019-08-19 10:30:02.000000","2019-08-19 11:06:02.000000",1.0,16.44,1.0,N,132.0,108.0,2.0,45.0,0.0,0.5,0.0,0.0,0.3,45.8,0.0
2.0,"2019-08-19 12:46:40.000000","2019-08-19 13:01:25.000000",1.0,2.91,1.0,N,149.0,108.0,1.0,12.5,0.0,0.5,0.0,0.0,0.3,13.3,0.0
2.0,"2019-08-19 15:05:39.000000","2019-08-19 15:38:39.000000",2.0,16.27,1.0,N,132.0,108.0,2.0,44.5,0.0,0.5,0.0,0.0,0.3,45.3,0.0
2.0,"2019-08-19 15:14:35.000000","2019-08-19 16:00:37.000000",2.0,17.36,1.0,N,132.0,108.0,2.0,49.5,0.0,0.5,0.0,0.0,0.3,50.3,0.0
2.0,"2019-08-19 16:56:06.000000","2019-08-19 17:51:10.000000",1.0,17.2,1.0,N,229.0,108.0,2.0,52.0,1.0,0.5,0.0,0.0,0.3,56.3,2.5
2.0,"2019-08-19 16:33:37.000000","2019-08-19 16:44:53.000000",1.0,2.85,1.0,N,165.0,108.0,1.0,11.0,1.0,0.5,0.0,0.0,0.3,12.8,0.0
1.0,"2019-08-19 16:31:22.000000","2019-08-19 17:31:34.000000",1.0,0.0,1.0,N,233.0,108.0,1.0,40.2,0.0,0.5,0.0,0.0,0.3,41.0,0.0
2.0,"2019-08-19 21:56:54.000000","2019-08-19 22:18:57.000000",1.0,13.36,1.0,N,66.0,108.0,2.0,37.5,0.5,0.5,0.0,0.0,0.3,38.8,0.0
1.0,"2019-08-19 23:01:50.000000","2019-08-19 23:22:44.000000",2.0,15.6,1.0,N,132.0,108.0,1.0,42.5,0.5,0.5,10.9,0.0,0.3,54.7,0.0
2.0,"2019-08-20 12:40:12.000000","2019-08-20 13:23:14.000000",1.0,17.04,1.0,N,132.0,108.0,2.0,50.0,0.0,0.5,0.0,0.0,0.3,50.8,0.0
2.0,"2019-08-20 12:55:39.000000","2019-08-20 14:07:17.000000",1.0,21.91,1.0,N,135.0,108.0,1.0,66.0,0.0,0.5,0.0,0.0,0.3,66.8,0.0
1.0,"2019-08-20 12:59:11.000000","2019-08-20 13:38:47.000000",1.0,0.0,1.0,N,170.0,108.0,1.0,43.2,0.0,0.5,0.0,0.0,0.3,44.0,0.0
2.0,"2019-08-20 13:36:35.000000","2019-08-20 14:09:45.000000",2.0,16.12,1.0,N,132.0,108.0,1.0,44.5,0.0,0.5,10.0,0.0,0.3,55.3,0.0
1.0,"2019-08-20 13:33:22.000000","2019-08-20 13:40:19.000000",1.0,1.2,1.0,N,29.0,108.0,1.0,7.0,0.0,0.5,0.0,0.0,0.3,7.8,0.0
2.0,"2019-08-20 13:24:49.000000","2019-08-20 13:57:28.000000",2.0,15.54,1.0,N,132.0,108.0,2.0,44.0,0.0,0.5,0.0,0.0,0.3,44.8,0.0
1.0,"2019-08-20 16:27:57.000000","2019-08-20 17:00:41.000000",4.0,16.6,1.0,N,132.0,108.0,2.0,45.5,1.0,0.5,0.0,0.0,0.3,47.3,0.0
1.0,"2019-08-20 16:52:48.000000","2019-08-20 17:49:09.000000",1.0,0.0,1.0,N,170.0,108.0,1.0,40.2,0.0,0.5,0.0,0.0,0.3,41.0,0.0
2.0,"2019-08-20 17:04:35.000000","2019-08-20 17:57:07.000000",1.0,14.33,1.0,N,219.0,108.0,2.0,50.5,1.0,0.5,0.0,0.0,0.3,52.3,0.0
2.0,"2019-08-20 18:13:10.000000","2019-08-20 18:51:14.000000",2.0,17.13,1.0,N,132.0,108.0,1.0,47.0,1.0,0.5,5.0,0.0,0.3,53.8,0.0
1.0,"2019-08-20 18:33:11.000000","2019-08-20 20:26:53.000000",1.0,0.0,1.0,N,108.0,108.0,1.0,39.2,0.0,0.5,0.0,0.0,0.3,40.0,0.0
2.0,"2019-08-20 19:28:29.000000","2019-08-20 19:54:34.000000",5.0,16.12,1.0,N,132.0,108.0,1.0,43.5,1.0,0.5,8.0,0.0,0.3,53.3,0.0
2.0,"2019-08-20 19:59:38.000000","2019-08-20 20:30:19.000000",1.0,15.77,1.0,N,132.0,108.0,2.0,43.0,0.5,0.5,0.0,0.0,0.3,44.3,0.0
2.0,"2019-08-20 20:38:47.000000","2019-08-20 21:01:25.000000",1.0,15.43,1.0,N,132.0,108.0,2.0,41.5,0.5,0.5,0.0,0.0,0.3,42.8,0.0
2.0,"2019-08-20 22:59:06.000000","2019-08-20 23:25:18.000000",1.0,16.82,1.0,N,132.0,108.0,1.0,45.5,0.5,0.5,9.36,0.0,0.3,56.16,0.0
2.0,"2019-08-20 23:33:51.000000","2019-08-21 00:03:07.000000",1.0,10.52,1.0,N,231.0,108.0,1.0,32.5,0.5,0.5,7.26,0.0,0.3,43.56,2.5
1.0,"2019-08-20 23:55:41.000000","2019-08-21 00:28:38.000000",1.0,18.0,1.0,N,170.0,108.0,2.0,49.5,3.0,0.5,0.0,0.0,0.3,53.3,2.5
2.0,"2019-08-21 00:06:42.000000","2019-08-21 00:29:43.000000",1.0,16.42,1.0,N,132.0,108.0,2.0,44.0,0.5,0.5,0.0,0.0,0.3,45.3,0.0
2.0,"2019-08-21 01:44:58.000000","2019-08-21 02:09:57.000000",1.0,16.39,1.0,N,132.0,108.0,2.0,45.0,0.5,0.5,0.0,0.0,0.3,46.3,0.0
2.0,"2019-08-21 01:10:37.000000","2019-08-21 01:32:35.000000",2.0,17.08,1.0,N,132.0,108.0,2.0,45.0,0.5,0.5,0.0,0.0,0.3,46.3,0.0
2.0,"2019-08-21 07:29:07.000000","2019-08-21 07:55:09.000000",1.0,15.53,1.0,N,132.0,108.0,2.0,42.5,0.0,0.5,0.0,0.0,0.3,43.3,0.0
1.0,"2019-08-21 14:44:37.000000","2019-08-21 14:44:41.000000",1.0,0.0,1.0,N,108.0,108.0,1.0,2.5,0.0,0.5,0.0,0.0,0.3,3.3,0.0
2.0,"2019-08-21 15:18:50.000000","2019-08-21 15:24:09.000000",2.0,0.6,1.0,N,29.0,108.0,1.0,5.0,0.0,0.5,0.0,0.0,0.3,5.8,0.0
1.0,"2019-08-21 16:50:29.000000","2019-08-21 17:09:43.000000",1.0,3.7,1.0,N,150.0,108.0,1.0,16.5,1.0,0.5,0.0,0.0,0.3,18.3,0.0
1.0,"2019-08-21 17:09:05.000000","2019-08-21 18:17:47.000000",1.0,0.0,1.0,N,162.0,108.0,1.0,39.2,0.0,0.5,0.0,0.0,0.3,40.0,0.0
2.0,"2019-08-21 20:51:03.000000","2019-08-21 21:28:26.000000",5.0,15.04,1.0,N,87.0,108.0,1.0,45.5,0.5,0.5,4.4,0.0,0.3,53.7,2.5
2.0,"2019-08-21 21:08:36.000000","2019-08-21 21:49:08.000000",1.0,18.71,1.0,N,143.0,108.0,1.0,54.5,0.5,0.5,0.0,6.12,0.3,64.42,2.5
1.0,"2019-08-21 22:49:36.000000","2019-08-21 23:28:09.000000",1.0,18.8,1.0,N,100.0,108.0,2.0,53.0,3.0,0.5,0.0,0.0,0.3,56.8,2.5
1.0,"2019-08-22 03:32:56.000000","2019-08-22 03:57:34.000000",1.0,11.8,1.0,N,33.0,108.0,2.0,33.5,0.5,0.5,0.0,0.0,0.3,34.8,0.0
2.0,"2019-08-22 03:13:25.000000","2019-08-22 03:39:33.000000",1.0,11.09,1.0,N,231.0,108.0,1.0,32.0,0.5,0.5,0.0,0.0,0.3,35.8,2.5
2.0,"2019-08-22 10:30:54.000000","2019-08-22 11:46:01.000000",1.0,20.36,1.0,N,48.0,108.0,2.0,68.5,0.0,0.5,0.0,0.0,0.3,71.8,2.5
1.0,"2019-08-22 14:50:20.000000","2019-08-22 15:22:41.000000",1.0,14.9,1.0,N,132.0,108.0,1.0,42.5,0.0,0.5,7.0,0.0,0.3,50.3,0.0
1.0,"2019-08-22 16:31:29.000000","2019-08-22 17:35:28.000000",1.0,0.0,1.0,N,197.0,108.0,1.0,36.2,0.0,0.5,0.0,0.0,0.3,37.0,0.0
2.0,"2019-08-22 19:06:01.000000","2019-08-22 19:57:44.000000",1.0,16.3,1.0,N,132.0,108.0,1.0,49.5,1.0,0.5,10.26,0.0,0.3,61.56,0.0
2.0,"2019-08-22 19:28:52.000000","2019-08-22 19:40:05.000000",1.0,1.57,1.0,N,29.0,108.0,1.0,9.0,1.0,0.5,0.0,0.0,0.3,10.8,0.0
2.0,"2019-08-22 19:08:18.000000","2019-08-22 19:58:53.000000",2.0,15.67,1.0,N,132.0,108.0,2.0,48.5,1.0,0.5,0.0,0.0,0.3,50.3,0.0
2.0,"2019-08-22 20:51:11.000000","2019-08-22 21:40:16.000000",5.0,18.95,1.0,N,143.0,108.0,1.0,55.5,0.5,0.5,0.0,6.12,0.3,65.42,2.5
2.0,"2019-08-22 22:40:44.000000","2019-08-22 23:22:13.000000",1.0,15.76,1.0,N,234.0,108.0,1.0,46.0,0.5,0.5,12.45,0.0,0.3,64.2,2.5
1.0,"2019-08-22 23:04:56.000000","2019-08-22 23:36:41.000000",1.0,21.6,1.0,N,138.0,108.0,1.0,57.5,0.5,0.5,11.2,0.0,0.3,70.0,0.0
2.0,"2019-08-23 01:08:59.000000","2019-08-23 01:42:33.000000",2.0,15.96,1.0,N,246.0,108.0,2.0,44.0,0.5,0.5,0.0,0.0,0.3,47.8,2.5
1.0,"2019-08-23 03:17:55.000000","2019-08-23 03:38:47.000000",3.0,16.3,1.0,N,132.0,108.0,2.0,43.5,0.5,0.5,0.0,0.0,0.3,44.8,0.0
1.0,"2019-08-23 07:23:31.000000","2019-08-23 08:08:01.000000",1.0,0.0,1.0,N,17.0,108.0,1.0,36.2,0.0,0.5,0.0,0.0,0.3,37.0,0.0
1.0,"2019-08-23 13:03:40.000000","2019-08-23 13:38:11.000000",1.0,17.1,1.0,N,132.0,108.0,2.0,47.5,0.0,0.5,0.0,0.0,0.3,48.3,0.0
1.0,"2019-08-23 14:21:26.000000","2019-08-23 14:58:28.000000",1.0,16.6,1.0,N,132.0,108.0,2.0,47.0,0.0,0.5,0.0,0.0,0.3,47.8,0.0
1.0,"2019-08-23 15:09:16.000000","2019-08-23 15:52:50.000000",2.0,16.5,1.0,N,132.0,108.0,1.0,48.0,0.0,0.5,10.0,0.0,0.3,58.8,0.0
2.0,"2019-08-23 15:41:18.000000","2019-08-23 16:18:09.000000",5.0,16.4,1.0,N,132.0,108.0,2.0,46.0,0.0,0.5,0.0,0.0,0.3,46.8,0.0
1.0,"2019-08-23 16:13:57.000000","2019-08-23 16:43:47.000000",1.0,16.1,1.0,N,132.0,108.0,2.0,43.5,1.0,0.5,0.0,0.0,0.3,45.3,0.0
2.0,"2019-08-23 16:07:23.000000","2019-08-23 16:58:19.000000",2.0,21.65,1.0,N,75.0,108.0,1.0,60.5,1.0,0.5,0.0,5.76,0.3,68.06,0.0
1.0,"2019-08-23 19:06:57.000000","2019-08-23 19:44:23.000000",1.0,15.7,1.0,N,261.0,108.0,1.0,45.5,3.5,0.5,11.15,6.12,0.3,67.07,2.5
1.0,"2019-08-23 19:13:45.000000","2019-08-23 19:48:14.000000",1.0,10.7,1.0,N,249.0,108.0,2.0,33.5,3.5,0.5,0.0,6.12,0.3,43.92,2.5
1.0,"2019-08-23 20:02:58.000000","2019-08-23 20:46:46.000000",1.0,0.0,1.0,N,237.0,108.0,1.0,46.2,0.0,0.5,0.0,0.0,0.3,47.0,0.0
2.0,"2019-08-23 20:45:22.000000","2019-08-23 21:29:03.000000",5.0,18.79,1.0,N,143.0,108.0,1.0,55.0,0.5,0.5,0.0,6.12,0.3,64.92,2.5
2.0,"2019-08-23 21:10:43.000000","2019-08-23 21:37:34.000000",1.0,16.39,1.0,N,132.0,108.0,1.0,44.5,0.5,0.5,9.16,0.0,0.3,54.96,0.0
2.0,"2019-08-23 22:13:21.000000","2019-08-23 22:57:48.000000",1.0,18.19,1.0,N,239.0,108.0,2.0,52.5,0.5,0.5,0.0,0.0,0.3,56.3,2.5
1.0,"2019-08-23 22:09:22.000000","2019-08-23 22:59:30.000000",2.0,15.1,1.0,N,68.0,108.0,2.0,46.0,3.0,0.5,0.0,0.0,0.3,49.8,2.5
2.0,"2019-08-23 23:51:50.000000","2019-08-24 00:24:56.000000",2.0,20.04,1.0,N,132.0,108.0,1.0,55.5,0.5,0.5,0.0,0.0,0.3,56.8,0.0
2.0,"2019-08-24 01:11:28.000000","2019-08-24 01:41:03.000000",1.0,14.82,1.0,N,97.0,108.0,2.0,41.5,0.5,0.5,0.0,0.0,0.3,42.8,0.0
1.0,"2019-08-24 02:41:36.000000","2019-08-24 03:13:30.000000",1.0,16.6,1.0,Y,144.0,108.0,2.0,47.0,3.0,0.5,0.0,0.0,0.3,50.8,2.5
1.0,"2019-08-24 03:17:10.000000","2019-08-24 03:42:10.000000",1.0,14.6,1.0,N,231.0,108.0,1.0,41.5,3.0,0.5,0.0,0.0,0.3,45.3,2.5
2.0,"2019-08-24 06:32:30.000000","2019-08-24 06:58:23.000000",1.0,16.75,1.0,N,132.0,108.0,2.0,46.0,0.0,0.5,0.0,0.0,0.3,46.8,0.0
2.0,"2019-08-24 07:40:46.000000","2019-08-24 08:01:44.000000",5.0,16.91,1.0,N,132.0,108.0,1.0,45.0,0.0,0.5,11.45,0.0,0.3,57.25,0.0
1.0,"2019-08-24 11:02:33.000000","2019-08-24 11:55:55.000000",1.0,17.4,1.0,Y,137.0,108.0,1.0,56.5,2.5,0.5,5.0,0.0,0.3,64.8,2.5
1.0,"2019-08-24 12:37:18.000000","2019-08-24 13:20:22.000000",1.0,0.0,1.0,Y,42.0,108.0,1.0,49.2,0.0,0.5,0.0,0.0,0.3,50.0,0.0
1.0,"2019-08-24 13:45:31.000000","2019-08-24 14:20:12.000000",2.0,15.2,1.0,N,132.0,108.0,1.0,42.5,0.0,0.5,8.65,0.0,0.3,51.95,0.0
2.0,"2019-08-24 15:08:46.000000","2019-08-24 15:39:53.000000",1.0,16.12,1.0,N,132.0,108.0,2.0,44.5,0.0,0.5,0.0,0.0,0.3,45.3,0.0
1.0,"2019-08-24 18:06:19.000000","2019-08-24 18:43:55.000000",2.0,16.3,1.0,N,132.0,108.0,2.0,45.0,0.0,0.5,0.0,0.0,0.3,45.8,0.0
2.0,"2019-08-24 18:39:23.000000","2019-08-24 19:33:08.000000",1.0,22.49,1.0,N,138.0,108.0,2.0,63.5,0.0,0.5,0.0,0.0,0.3,64.3,0.0
1.0,"2019-08-24 21:07:59.000000","2019-08-24 22:10:03.000000",1.0,0.0,1.0,N,142.0,108.0,1.0,42.2,0.0,0.5,0.0,0.0,0.3,43.0,0.0
2.0,"2019-08-24 23:40:06.000000","2019-08-25 00:39:49.000000",5.0,21.7,1.0,N,263.0,108.0,1.0,67.5,0.5,0.5,0.0,0.0,0.3,71.3,2.5
2.0,"2019-08-25 06:45:00.000000","2019-08-25 07:07:54.000000",1.0,16.65,1.0,N,132.0,108.0,2.0,44.5,0.0,0.5,0.0,0.0,0.3,45.3,0.0
1.0,"2019-08-25 08:32:31.000000","2019-08-25 09:01:38.000000",1.0,22.6,1.0,N,138.0,108.0,2.0,60.0,0.0,0.5,0.0,0.0,0.3,60.8,0.0
1.0,"2019-08-25 12:38:37.000000","2019-08-25 13:28:46.000000",2.0,7.0,1.0,N,123.0,108.0,1.0,33.5,0.0,0.5,0.0,0.0,0.3,34.3,0.0
1.0,"2019-08-25 13:45:23.000000","2019-08-25 14:28:10.000000",1.0,0.0,1.0,N,36.0,108.0,1.0,36.2,0.0,0.5,0.0,0.0,0.3,37.0,0.0
1.0,"2019-08-25 16:04:26.000000","2019-08-25 16:41:02.000000",1.0,15.8,1.0,N,132.0,108.0,2.0,44.5,0.0,0.5,0.0,0.0,0.3,45.3,0.0
2.0,"2019-08-25 17:40:12.000000","2019-08-25 18:20:08.000000",1.0,11.07,1.0,N,249.0,108.0,2.0,37.5,0.0,0.5,0.0,6.12,0.3,46.92,2.5
1.0,"2019-08-25 19:16:29.000000","2019-08-25 19:48:27.000000",1.0,15.7,1.0,N,132.0,108.0,4.0,43.0,0.0,0.5,0.0,0.0,0.3,43.8,0.0
1.0,"2019-08-25 21:56:17.000000","2019-08-25 22:23:21.000000",1.0,16.2,1.0,N,132.0,108.0,1.0,43.5,0.5,0.5,8.95,0.0,0.3,53.75,0.0
2.0,"2019-08-25 22:33:50.000000","2019-08-25 23:13:36.000000",2.0,21.92,1.0,N,138.0,108.0,1.0,59.5,0.5,0.5,12.16,0.0,0.3,72.96,0.0
2.0,"2019-08-26 00:22:41.000000","2019-08-26 00:40:40.000000",2.0,15.17,1.0,N,132.0,108.0,1.0,40.5,0.5,0.5,8.36,0.0,0.3,50.16,0.0
1.0,"2019-08-26 08:54:40.000000","2019-08-26 09:21:21.000000",1.0,15.6,1.0,N,132.0,108.0,2.0,43.0,0.0,0.5,0.0,0.0,0.3,43.8,0.0
2.0,"2019-08-26 10:23:36.000000","2019-08-26 10:32:11.000000",1.0,1.22,1.0,N,55.0,108.0,1.0,7.5,0.0,0.5,0.0,0.0,0.3,8.3,0.0
2.0,"2019-08-26 12:32:58.000000","2019-08-26 13:23:12.000000",3.0,23.37,1.0,N,138.0,108.0,1.0,64.5,0.0,0.5,10.0,0.0,0.3,75.3,0.0
1.0,"2019-08-26 13:37:34.000000","2019-08-26 14:06:53.000000",0.0,16.6,1.0,N,132.0,108.0,1.0,45.5,0.0,0.5,0.0,0.0,0.3,46.3,0.0
2.0,"2019-08-26 14:26:27.000000","2019-08-26 14:51:07.000000",5.0,15.31,1.0,N,132.0,108.0,2.0,41.0,0.0,0.5,0.0,0.0,0.3,41.8,0.0
1.0,"2019-08-26 18:52:08.000000","2019-08-26 19:30:35.000000",1.0,0.0,1.0,N,130.0,108.0,1.0,39.2,0.0,0.5,0.0,0.0,0.3,40.0,0.0
2.0,"2019-08-26 22:01:30.000000","2019-08-26 22:53:21.000000",5.0,21.69,1.0,N,263.0,108.0,1.0,63.0,0.5,0.5,0.0,0.0,0.3,66.8,2.5
1.0,"2019-08-27 02:19:02.000000","2019-08-27 02:44:20.000000",1.0,14.4,1.0,N,231.0,108.0,1.0,40.5,3.0,0.5,0.0,0.0,0.3,44.3,2.5
1.0,"2019-08-27 05:20:19.000000","2019-08-27 05:50:00.000000",0.0,16.8,1.0,N,132.0,108.0,2.0,48.0,0.5,0.5,0.0,0.0,0.3,49.3,0.0
2.0,"2019-08-27 06:49:54.000000","2019-08-27 07:19:46.000000",1.0,17.61,1.0,N,132.0,108.0,2.0,48.0,0.0,0.5,0.0,0.0,0.3,48.8,0.0
1.0,"2019-08-27 08:37:39.000000","2019-08-27 09:11:23.000000",1.0,16.2,1.0,N,132.0,108.0,1.0,45.0,0.0,0.5,0.0,0.0,0.3,45.8,0.0
1.0,"2019-08-27 10:47:30.000000","2019-08-27 10:55:16.000000",1.0,0.8,1.0,N,29.0,108.0,1.0,7.0,0.0,0.5,0.0,0.0,0.3,7.8,0.0
2.0,"2019-08-27 12:39:05.000000","2019-08-27 13:02:35.000000",1.0,15.81,1.0,N,132.0,108.0,2.0,42.5,0.0,0.5,0.0,0.0,0.3,43.3,0.0
2.0,"2019-08-27 12:43:32.000000","2019-08-27 13:27:16.000000",1.0,11.95,1.0,N,148.0,108.0,2.0,40.0,0.0,0.5,0.0,0.0,0.3,43.3,2.5
2.0,"2019-08-27 14:51:49.000000","2019-08-27 15:18:50.000000",1.0,16.62,1.0,N,132.0,108.0,2.0,45.0,0.0,0.5,0.0,0.0,0.3,45.8,0.0
1.0,"2019-08-27 14:09:24.000000","2019-08-27 14:17:53.000000",1.0,1.4,1.0,N,123.0,108.0,1.0,8.0,0.0,0.5,0.0,0.0,0.3,8.8,0.0
1.0,"2019-08-27 16:59:47.000000","2019-08-27 17:16:53.000000",1.0,2.8,1.0,N,26.0,108.0,1.0,13.5,1.0,0.5,0.0,0.0,0.3,15.3,0.0
1.0,"2019-08-27 17:04:58.000000","2019-08-27 17:27:47.000000",1.0,0.0,1.0,N,195.0,108.0,1.0,42.2,0.0,0.5,0.0,0.0,0.3,43.0,0.0
2.0,"2019-08-27 18:22:09.000000","2019-08-27 18:55:53.000000",5.0,17.0,1.0,N,132.0,108.0,2.0,46.0,1.0,0.5,0.0,0.0,0.3,47.8,0.0
1.0,"2019-08-27 19:28:40.000000","2019-08-27 19:46:51.000000",0.0,2.5,1.0,N,123.0,108.0,1.0,13.5,1.0,0.5,0.0,0.0,0.3,15.3,0.0
1.0,"2019-08-27 19:39:30.000000","2019-08-27 20:18:33.000000",1.0,15.2,1.0,N,144.0,108.0,1.0,46.5,3.5,0.5,2.0,6.12,0.3,58.92,2.5
2.0,"2019-08-27 20:49:04.000000","2019-08-27 21:13:16.000000",4.0,16.17,1.0,N,132.0,108.0,1.0,43.5,0.5,0.5,8.96,0.0,0.3,53.76,0.0
2.0,"2019-08-27 21:34:33.000000","2019-08-27 21:57:53.000000",1.0,16.47,1.0,N,132.0,108.0,1.0,44.5,0.5,0.5,9.16,0.0,0.3,54.96,0.0
1.0,"2019-08-27 22:34:11.000000","2019-08-27 22:56:10.000000",1.0,5.1,1.0,N,257.0,108.0,1.0,19.5,0.5,0.5,0.0,0.0,0.3,20.8,0.0
2.0,"2019-08-28 00:40:57.000000","2019-08-28 01:03:37.000000",1.0,15.53,1.0,N,132.0,108.0,1.0,42.5,0.5,0.5,8.76,0.0,0.3,52.56,0.0
1.0,"2019-08-28 01:26:51.000000","2019-08-28 01:49:40.000000",1.0,16.2,1.0,N,132.0,108.0,1.0,44.0,0.5,0.5,6.0,0.0,0.3,51.3,0.0
2.0,"2019-08-28 02:26:44.000000","2019-08-28 02:49:13.000000",1.0,13.89,1.0,N,231.0,108.0,1.0,38.5,0.5,0.5,2.0,0.0,0.3,44.3,2.5
2.0,"2019-08-28 03:19:59.000000","2019-08-28 03:39:33.000000",5.0,14.9,1.0,N,132.0,108.0,1.0,40.5,0.5,0.5,5.0,0.0,0.3,46.8,0.0
2.0,"2019-08-28 05:19:10.000000","2019-08-28 05:38:17.000000",2.0,16.44,1.0,N,132.0,108.0,1.0,44.0,0.5,0.5,9.06,0.0,0.3,54.36,0.0
2.0,"2019-08-28 13:13:11.000000","2019-08-28 13:41:37.000000",6.0,16.82,1.0,N,132.0,108.0,2.0,45.0,0.0,0.5,0.0,0.0,0.3,45.8,0.0
1.0,"2019-08-28 15:54:00.000000","2019-08-28 16:43:07.000000",2.0,15.5,1.0,N,100.0,108.0,1.0,48.0,2.5,0.5,11.45,6.12,0.3,68.87,2.5
2.0,"2019-08-28 15:52:22.000000","2019-08-28 16:39:56.000000",1.0,13.45,1.0,N,186.0,108.0,1.0,43.0,0.0,0.5,8.0,6.12,0.3,60.42,2.5
1.0,"2019-08-28 16:56:02.000000","2019-08-28 17:47:59.000000",1.0,0.0,1.0,N,209.0,108.0,1.0,36.2,0.0,0.5,0.0,0.0,0.3,37.0,0.0
1.0,"2019-08-28 18:28:41.000000","2019-08-28 19:12:05.000000",1.0,0.0,1.0,N,82.0,108.0,1.0,48.2,0.0,0.5,0.0,0.0,0.3,49.0,0.0
2.0,"2019-08-28 20:44:14.000000","2019-08-28 21:10:23.000000",1.0,14.13,1.0,N,261.0,108.0,1.0,39.0,0.5,0.5,5.5,6.12,0.3,54.42,2.5
1.0,"2019-08-28 21:41:43.000000","2019-08-28 22:08:34.000000",1.0,14.8,1.0,N,132.0,108.0,2.0,40.0,0.5,0.5,0.0,0.0,0.3,41.3,0.0
1.0,"2019-08-28 22:20:26.000000","2019-08-28 22:38:28.000000",1.0,4.6,1.0,N,257.0,108.0,1.0,16.5,0.5,0.5,0.0,0.0,0.3,17.8,0.0
1.0,"2019-08-28 23:27:18.000000","2019-08-28 23:53:58.000000",1.0,15.9,1.0,N,132.0,108.0,2.0,44.0,0.5,0.5,0.0,0.0,0.3,45.3,0.0
1.0,"2019-08-29 03:32:34.000000","2019-08-29 03:52:22.000000",1.0,14.0,1.0,N,231.0,108.0,1.0,37.5,3.0,0.5,0.0,0.0,0.3,41.3,2.5
2.0,"2019-08-29 04:06:40.000000","2019-08-29 04:40:13.000000",1.0,19.01,1.0,N,230.0,108.0,2.0,54.0,0.5,0.5,0.0,0.0,0.3,57.8,2.5
2.0,"2019-08-29 17:13:53.000000","2019-08-29 18:07:05.000000",1.0,18.77,1.0,N,132.0,108.0,2.0,55.0,1.0,0.5,0.0,0.0,0.3,56.8,0.0
1.0,"2019-08-29 18:59:52.000000","2019-08-29 19:49:58.000000",1.0,15.7,1.0,Y,100.0,108.0,1.0,48.5,3.5,0.5,2.0,0.0,0.3,54.8,2.5
1.0,"2019-08-29 19:15:23.000000","2019-08-29 19:52:55.000000",1.0,16.3,1.0,N,132.0,108.0,2.0,45.5,1.0,0.5,0.0,0.0,0.3,47.3,0.0
2.0,"2019-08-29 18:59:25.000000","2019-08-29 19:41:36.000000",2.0,16.42,1.0,N,132.0,108.0,2.0,46.5,1.0,0.5,0.0,0.0,0.3,48.3,0.0
1.0,"2019-08-29 19:48:27.000000","2019-08-29 20:29:12.000000",0.0,17.2,1.0,N,132.0,108.0,1.0,47.5,1.0,0.5,1.5,0.0,0.3,50.8,0.0
2.0,"2019-08-29 23:48:48.000000","2019-08-30 00:26:08.000000",1.0,14.99,1.0,N,114.0,108.0,1.0,44.5,0.5,0.5,9.66,0.0,0.3,57.96,2.5
2.0,"2019-08-29 23:22:16.000000","2019-08-30 00:04:01.000000",1.0,14.25,1.0,N,234.0,108.0,1.0,44.0,0.5,0.5,9.56,0.0,0.3,57.36,2.5
1.0,"2019-08-30 01:15:58.000000","2019-08-30 01:45:46.000000",1.0,12.4,1.0,N,249.0,108.0,1.0,35.5,3.0,0.5,9.05,6.12,0.3,54.47,2.5
2.0,"2019-08-30 06:37:22.000000","2019-08-30 06:45:32.000000",2.0,1.72,1.0,N,123.0,108.0,2.0,8.5,0.0,0.5,0.0,0.0,0.3,9.3,0.0
1.0,"2019-08-30 10:38:25.000000","2019-08-30 11:03:15.000000",1.0,15.3,1.0,N,132.0,108.0,1.0,41.5,0.0,0.5,8.45,0.0,0.3,50.75,0.0
2.0,"2019-08-30 11:19:12.000000","2019-08-30 11:50:25.000000",1.0,15.39,1.0,N,132.0,108.0,2.0,43.0,0.0,0.5,0.0,0.0,0.3,43.8,0.0
1.0,"2019-08-30 13:45:01.000000","2019-08-30 14:14:36.000000",1.0,15.0,1.0,N,132.0,108.0,2.0,40.5,0.0,0.5,0.0,0.0,0.3,41.3,0.0
2.0,"2019-08-30 11:19:12.000000","2019-08-30 13:43:13.000000",2.0,0.0,5.0,N,132.0,108.0,1.0,61.0,0.0,0.5,15.38,0.0,0.0,76.88,0.0
2.0,"2019-08-30 16:47:21.000000","2019-08-30 17:14:36.000000",1.0,15.26,1.0,N,132.0,108.0,1.0,41.5,1.0,0.5,5.0,0.0,0.3,48.3,0.0
2.0,"2019-08-30 17:18:31.000000","2019-08-30 18:00:13.000000",1.0,17.85,1.0,N,229.0,108.0,2.0,50.5,1.0,0.5,0.0,0.0,0.3,54.8,2.5
1.0,"2019-08-30 19:09:55.000000","2019-08-30 20:10:38.000000",4.0,17.4,1.0,N,132.0,108.0,1.0,58.5,1.0,0.5,10.0,0.0,0.3,70.3,0.0
1.0,"2019-08-30 20:02:08.000000","2019-08-30 20:36:14.000000",1.0,10.7,1.0,N,249.0,108.0,2.0,33.5,3.0,0.5,0.0,6.12,0.3,43.42,2.5
2.0,"2019-08-30 21:03:07.000000","2019-08-30 21:29:39.000000",6.0,16.49,1.0,N,132.0,108.0,2.0,45.0,0.5,0.5,0.0,0.0,0.3,46.3,0.0
2.0,"2019-08-30 21:14:08.000000","2019-08-30 21:55:55.000000",6.0,18.79,1.0,N,143.0,108.0,1.0,54.0,0.5,0.5,0.0,6.12,0.3,63.92,2.5
2.0,"2019-08-30 23:17:59.000000","2019-08-30 23:44:52.000000",1.0,16.79,1.0,N,132.0,108.0,2.0,46.0,0.5,0.5,0.0,0.0,0.3,47.3,0.0
1.0,"2019-08-31 01:14:51.000000","2019-08-31 01:53:15.000000",1.0,0.0,1.0,N,186.0,108.0,1.0,39.2,0.0,0.5,0.0,0.0,0.3,40.0,0.0
2.0,"2019-08-31 12:14:11.000000","2019-08-31 12:56:15.000000",1.0,22.36,1.0,N,70.0,108.0,1.0,59.5,0.0,0.5,10.0,0.0,0.3,70.3,0.0
1.0,"2019-08-31 16:03:29.000000","2019-08-31 16:50:50.000000",1.0,18.1,1.0,N,142.0,108.0,2.0,53.5,2.5,0.5,0.0,6.12,0.3,62.92,2.5
1.0,"2019-08-31 16:15:29.000000","2019-08-31 16:45:41.000000",1.0,0.0,1.0,N,72.0,108.0,1.0,30.2,0.0,0.5,0.0,0.0,0.3,31.0,0.0
1.0,"2019-08-31 19:05:49.000000","2019-08-31 19:39:31.000000",2.0,15.3,1.0,N,132.0,108.0,1.0,43.0,0.0,0.5,5.0,0.0,0.3,48.8,0.0
1.0,"2019-08-31 20:41:31.000000","2019-08-31 20:47:03.000000",2.0,0.4,1.0,N,55.0,108.0,1.0,4.5,0.5,0.5,0.0,0.0,0.3,5.8,0.0
1.0,"2019-08-31 21:56:37.000000","2019-08-31 22:24:32.000000",4.0,16.4,1.0,N,132.0,108.0,2.0,44.5,0.5,0.5,0.0,0.0,0.3,45.8,0.0
,"2019-08-01 14:52:57.000000","2019-08-01 15:29:56.000000",,12.22,,,72.0,108.0,,31.9,2.75,0.0,0.0,0.0,0.3,34.95,0.0
,"2019-08-03 10:06:00.000000","2019-08-03 10:45:00.000000",,21.27,,,75.0,108.0,,59.94,5.5,0.5,0.0,0.0,0.3,66.24,0.0
,"2019-08-02 15:54:00.000000","2019-08-02 16:08:00.000000",,4.03,,,14.0,108.0,,18.91,2.75,0.5,0.0,0.0,0.3,22.46,0.0
,"2019-08-02 15:08:00.000000","2019-08-02 15:59:00.000000",,19.52,,,263.0,108.0,,43.82,5.5,0.5,0.0,6.12,0.3,56.24,0.0
,"2019-08-04 22:01:00.000000","2019-08-04 23:02:00.000000",,15.85,,,100.0,108.0,,64.55,2.75,0.5,0.0,0.0,0.3,68.1,0.0
,"2019-08-02 15:29:00.000000","2019-08-02 15:39:00.000000",,1.53,,,55.0,108.0,,17.19,2.75,0.5,0.0,0.0,0.3,20.74,0.0
,"2019-08-05 12:41:00.000000","2019-08-05 13:31:00.000000",,8.53,,,17.0,108.0,,34.15,0.0,0.5,0.0,0.0,0.3,34.95,0.0
,"2019-08-05 14:55:00.000000","2019-08-05 15:52:00.000000",,15.1,,,170.0,108.0,,35.7,2.75,0.5,0.0,6.12,0.3,45.37,0.0
,"2019-08-05 15:57:00.000000","2019-08-05 16:54:00.000000",,14.42,,,170.0,108.0,,39.48,2.75,0.5,0.0,6.12,0.3,49.15,0.0
,"2019-08-05 18:08:00.000000","2019-08-05 19:03:00.000000",,18.39,,,230.0,108.0,,36.41,2.75,0.5,0.0,6.12,0.3,46.08,0.0
,"2019-08-06 18:08:00.000000","2019-08-06 18:58:00.000000",,18.38,,,230.0,108.0,,36.41,2.75,0.5,0.0,6.12,0.3,46.08,0.0
,"2019-08-08 06:42:00.000000","2019-08-08 07:07:00.000000",,10.81,,,72.0,108.0,,32.46,2.75,0.5,0.0,0.0,0.3,36.01,0.0
,"2019-08-08 12:19:14.000000","2019-08-08 13:00:33.000000",,16.63,,,79.0,108.0,,42.32,2.75,0.0,0.0,0.0,0.3,45.37,0.0
,"2019-08-08 14:33:00.000000","2019-08-08 15:02:00.000000",,6.93,,,14.0,108.0,,18.91,2.75,0.5,0.0,0.0,0.3,22.46,0.0
,"2019-08-08 15:40:00.000000","2019-08-08 16:13:00.000000",,13.29,,,216.0,108.0,,53.75,2.75,0.5,0.0,0.0,0.3,57.3,0.0
,"2019-08-08 15:02:00.000000","2019-08-08 16:05:00.000000",,22.21,,,170.0,108.0,,35.7,2.75,0.5,0.0,6.12,0.3,45.37,0.0
,"2019-08-09 07:16:00.000000","2019-08-09 07:38:00.000000",,10.7,,,72.0,108.0,,32.46,2.75,0.5,0.0,0.0,0.3,36.01,0.0
,"2019-08-09 14:08:00.000000","2019-08-09 15:20:00.000000",,16.45,,,230.0,108.0,,36.41,2.75,0.5,0.0,6.12,0.3,46.08,0.0
,"2019-08-06 13:36:00.000000","2019-08-06 14:01:00.000000",,4.54,,,14.0,108.0,,18.91,2.75,0.5,0.0,0.0,0.3,22.46,0.0
,"2019-08-06 14:45:00.000000","2019-08-06 15:05:00.000000",,4.74,,,165.0,108.0,,17.01,2.75,0.5,0.0,0.0,0.3,20.56,0.0
,"2019-08-12 11:32:00.000000","2019-08-12 12:25:00.000000",,16.16,,,79.0,108.0,,35.7,2.75,0.5,0.0,6.12,0.3,45.37,0.0
,"2019-08-12 15:25:00.000000","2019-08-12 15:43:00.000000",,4.4,,,210.0,108.0,,17.35,2.75,0.5,0.0,0.0,0.3,20.9,0.0
,"2019-08-12 15:18:00.000000","2019-08-12 16:10:00.000000",,15.72,,,90.0,108.0,,59.15,2.75,0.5,0.0,0.0,0.3,62.7,0.0
,"2019-08-12 16:05:00.000000","2019-08-12 16:56:00.000000",,16.95,,,140.0,108.0,,44.34,2.75,0.5,0.0,6.12,0.3,54.01,0.0
,"2019-08-13 15:07:00.000000","2019-08-13 15:19:00.000000",,2.71,,,89.0,108.0,,21.95,2.75,0.5,0.0,0.0,0.3,25.5,0.0
,"2019-08-11 18:40:00.000000","2019-08-11 19:31:00.000000",,16.38,,,48.0,108.0,,36.41,2.75,0.5,0.0,6.12,0.3,46.08,0.0
,"2019-08-12 07:09:54.000000","2019-08-12 07:40:37.000000",,13.87,,,86.0,108.0,,42.11,2.75,0.0,0.0,2.29,0.3,47.45,0.0
,"2019-08-14 08:05:00.000000","2019-08-14 08:22:00.000000",,7.07,,,155.0,108.0,,22.11,2.75,0.5,0.0,0.0,0.3,25.66,0.0
,"2019-08-14 12:44:00.000000","2019-08-14 13:30:00.000000",,8.42,,,35.0,108.0,,31.4,2.75,0.5,0.0,0.0,0.3,34.95,0.0
,"2019-08-03 18:20:20.000000","2019-08-03 19:06:08.000000",,21.72,,,166.0,108.0,,69.33,2.75,0.0,0.0,6.12,0.3,78.5,0.0
,"2019-08-13 16:41:00.000000","2019-08-13 17:12:00.000000",,14.21,,,216.0,108.0,,53.75,2.75,0.5,0.0,0.0,0.3,57.3,0.0
,"2019-08-10 16:27:47.000000","2019-08-10 16:39:54.000000",,3.51,,,210.0,108.0,,15.1,5.5,0.0,0.0,0.0,0.3,20.9,0.0
,"2019-08-04 07:37:00.000000","2019-08-04 08:00:00.000000",,10.46,,,35.0,108.0,,31.4,2.75,0.5,0.0,0.0,0.3,34.95,0.0
,"2019-08-13 18:29:00.000000","2019-08-13 19:36:00.000000",,18.57,,,230.0,108.0,,36.77,2.75,0.5,0.0,5.76,0.3,46.08,0.0
,"2019-08-10 21:04:00.000000","2019-08-10 21:44:00.000000",,17.81,,,75.0,108.0,,46.57,2.75,0.5,0.0,6.12,0.3,56.24,0.0
,"2019-08-11 07:42:48.000000","2019-08-11 08:02:28.000000",,10.11,,,35.0,108.0,,31.9,2.75,0.0,0.0,0.0,0.3,34.95,0.0
,"2019-08-13 22:16:51.000000","2019-08-13 22:40:22.000000",,4.46,,,257.0,108.0,,20.52,2.75,0.0,0.0,0.0,0.3,23.57,0.0
,"2019-08-14 05:49:00.000000","2019-08-14 06:16:00.000000",,4.81,,,91.0,108.0,,22.11,2.75,0.5,0.0,0.0,0.3,25.66,0.0
,"2019-08-15 12:52:00.000000","2019-08-15 13:19:00.000000",,7.27,,,26.0,108.0,,20.02,2.75,0.5,0.0,0.0,0.3,23.57,0.0
,"2019-08-15 13:57:00.000000","2019-08-15 14:38:00.000000",,14.54,,,137.0,108.0,,41.82,2.75,0.5,0.0,0.0,0.3,45.37,0.0
,"2019-08-15 14:07:00.000000","2019-08-15 14:49:00.000000",,11.46,,,87.0,108.0,,29.87,2.75,0.5,0.0,6.12,0.3,39.54,0.0
,"2019-08-15 15:21:00.000000","2019-08-15 16:15:00.000000",,18.48,,,164.0,108.0,,35.7,2.75,0.5,0.0,6.12,0.3,45.37,0.0
,"2019-08-16 16:39:00.000000","2019-08-16 17:24:00.000000",,15.59,,,79.0,108.0,,55.73,2.75,0.5,0.0,6.12,0.3,65.4,0.0
,"2019-08-16 14:45:33.000000","2019-08-16 15:27:06.000000",,14.69,,,170.0,108.0,,36.2,2.75,0.0,0.0,6.12,0.3,45.37,0.0
,"2019-08-18 20:28:00.000000","2019-08-18 21:10:00.000000",,17.15,,,100.0,108.0,,36.41,2.75,0.5,0.0,6.12,0.3,46.08,0.0
,"2019-08-19 06:34:35.000000","2019-08-19 07:04:09.000000",,11.3,,,17.0,108.0,,31.9,2.75,0.0,0.0,0.0,0.3,34.95,0.0
,"2019-08-18 12:02:00.000000","2019-08-18 13:02:00.000000",,28.3,,,220.0,108.0,,66.72,2.75,0.5,0.0,6.12,0.3,76.39,0.0
,"2019-08-19 10:15:00.000000","2019-08-19 10:56:00.000000",,16.77,,,139.0,108.0,,55.51,2.75,0.5,0.0,0.0,0.3,59.06,0.0
,"2019-08-21 11:23:00.000000","2019-08-21 12:07:00.000000",,20.29,,,236.0,108.0,,43.82,5.5,0.5,0.0,6.12,0.3,56.24,0.0
,"2019-08-21 22:43:42.000000","2019-08-21 23:01:22.000000",,9.77,,,181.0,108.0,,31.58,0.0,0.0,0.0,0.0,0.3,31.88,0.0
,"2019-08-22 12:28:00.000000","2019-08-22 13:38:00.000000",,24.48,,,136.0,108.0,,67.92,2.75,0.5,0.0,6.12,0.3,77.59,0.0
,"2019-08-21 14:09:00.000000","2019-08-21 14:54:00.000000",,19.08,,,140.0,108.0,,50.46,2.75,0.5,0.0,0.0,0.3,54.01,0.0
,"2019-08-22 15:57:47.000000","2019-08-22 16:11:35.000000",,4.32,,,210.0,108.0,,17.85,2.75,0.0,0.0,0.0,0.3,20.9,0.0
,"2019-08-21 18:16:00.000000","2019-08-21 19:03:00.000000",,21.71,,,74.0,108.0,,71.33,2.75,0.5,0.0,6.12,0.3,81.0,0.0
,"2019-08-24 20:23:00.000000","2019-08-24 20:59:00.000000",,19.6,,,236.0,108.0,,44.34,2.75,0.5,0.0,6.12,0.3,54.01,0.0
,"2019-08-24 21:04:10.000000","2019-08-24 21:32:58.000000",,11.39,,,188.0,108.0,,23.88,2.75,0.0,0.0,0.0,0.3,26.93,0.0
,"2019-08-25 12:32:00.000000","2019-08-25 13:19:00.000000",,16.79,,,238.0,108.0,,48.59,0.0,0.5,0.0,6.12,0.3,55.51,0.0
,"2019-08-25 14:35:00.000000","2019-08-25 15:16:00.000000",,12.94,,,45.0,108.0,,53.03,2.75,0.5,0.0,6.12,0.3,62.7,0.0
,"2019-08-25 16:40:00.000000","2019-08-25 17:12:00.000000",,11.61,,,72.0,108.0,,31.4,2.75,0.5,0.0,0.0,0.3,34.95,0.0
,"2019-08-26 06:30:00.000000","2019-08-26 06:57:00.000000",,14.23,,,17.0,108.0,,31.4,2.75,0.5,0.0,0.0,0.3,34.95,0.0
,"2019-08-26 08:10:09.000000","2019-08-26 08:26:40.000000",,7.05,,,155.0,108.0,,22.61,2.75,0.0,0.0,0.0,0.3,25.66,0.0
,"2019-08-26 10:09:00.000000","2019-08-26 10:41:00.000000",,16.62,,,79.0,108.0,,35.7,2.75,0.5,0.0,6.12,0.3,45.37,0.0
,"2019-08-27 05:37:00.000000","2019-08-27 05:58:00.000000",,10.09,,,91.0,108.0,,22.11,2.75,0.5,0.0,0.0,0.3,25.66,0.0
,"2019-08-27 14:30:00.000000","2019-08-27 14:45:00.000000",,8.18,,,39.0,108.0,,32.46,2.75,0.5,0.0,0.0,0.3,36.01,0.0
,"2019-08-27 16:54:00.000000","2019-08-27 17:14:00.000000",,4.33,,,165.0,108.0,,19.2,5.5,0.5,0.0,0.0,0.3,25.5,0.0
,"2019-08-27 20:00:26.000000","2019-08-27 20:40:08.000000",,19.37,,,237.0,108.0,,50.96,2.75,0.0,0.0,0.0,0.3,54.01,0.0
,"2019-08-28 06:27:35.000000","2019-08-28 07:03:24.000000",,14.54,,,17.0,108.0,,31.9,2.75,0.0,0.0,0.0,0.3,34.95,0.0
,"2019-08-28 12:58:39.000000","2019-08-28 13:17:30.000000",,3.94,,,165.0,108.0,,17.51,2.75,0.0,0.0,0.0,0.3,20.56,0.0
,"2019-08-28 14:28:00.000000","2019-08-28 15:10:00.000000",,18.14,,,170.0,108.0,,35.7,2.75,0.5,0.0,6.12,0.3,45.37,0.0
,"2019-08-28 16:15:00.000000","2019-08-28 16:39:00.000000",,3.33,,,210.0,108.0,,17.35,2.75,0.5,0.0,0.0,0.3,20.9,0.0
,"2019-08-23 09:32:00.000000","2019-08-23 09:53:00.000000",,3.87,,,89.0,108.0,,17.01,2.75,0.5,0.0,0.0,0.3,20.56,0.0
,"2019-08-28 20:01:00.000000","2019-08-28 20:38:00.000000",,19.5,,,237.0,108.0,,63.83,2.75,0.5,0.0,6.12,0.3,73.5,0.0
,"2019-08-22 17:01:00.000000","2019-08-22 18:15:00.000000",,14.48,,,79.0,108.0,,55.73,2.75,0.5,0.0,6.12,0.3,65.4,0.0
,"2019-08-29 16:40:49.000000","2019-08-29 17:21:21.000000",,11.85,,,68.0,108.0,,36.91,2.75,0.0,0.0,6.12,0.3,46.08,0.0
,"2019-08-29 19:18:00.000000","2019-08-29 19:44:00.000000",,7.63,,,155.0,108.0,,24.42,2.75,0.5,0.0,0.0,0.3,27.97,0.0
,"2019-08-29 21:12:00.000000","2019-08-29 21:45:00.000000",,9.62,,,88.0,108.0,,29.87,2.75,0.5,0.0,6.12,0.3,39.54,0.0
,"2019-08-30 10:15:00.000000","2019-08-30 10:31:00.000000",,6.92,,,228.0,108.0,,23.36,2.75,0.5,0.0,0.0,0.3,26.91,0.0
,"2019-08-30 11:38:00.000000","2019-08-30 12:13:00.000000",,7.88,,,61.0,108.0,,35.66,2.75,0.5,0.0,0.0,0.3,39.21,0.0
,"2019-08-30 11:01:00.000000","2019-08-30 11:31:00.000000",,13.73,,,258.0,108.0,,48.18,2.75,0.5,0.0,0.0,0.3,51.73,0.0
,"2019-08-30 12:32:21.000000","2019-08-30 13:13:33.000000",,18.49,,,170.0,108.0,,36.2,2.75,0.0,0.0,6.12,0.3,45.37,0.0
,"2019-08-30 08:14:00.000000","2019-08-30 08:30:00.000000",,6.82,,,155.0,108.0,,22.11,2.75,0.5,0.0,0.0,0.3,25.66,0.0
,"2019-08-31 08:13:00.000000","2019-08-31 09:06:00.000000",,26.97,,,169.0,108.0,,68.89,2.75,0.5,0.0,0.0,0.3,72.44,0.0
,"2019-08-31 10:30:00.000000","2019-08-31 10:57:00.000000",,11.13,,,106.0,108.0,,45.65,2.75,0.5,0.0,0.0,0.3,49.2,0.0
,"2019-08-30 18:34:00.000000","2019-08-30 19:19:00.000000",,17.06,,,82.0,108.0,,57.67,2.75,0.5,0.0,0.0,0.3,61.22,0.0
