1.0,"2019-08-01 12:09:14.000000","2019-08-01 13:18:02.000000",1.0,25.5,1.0,N,138.0,118.0,1.0,75.0,0.0,0.5,26.4,12.24,0.3,114.44,0.0
2.0,"2019-08-01 15:31:43.000000","2019-08-01 16:51:09.000000",2.0,28.0,1.0,N,10.0,118.0,1.0,81.5,0.0,0.5,23.64,12.24,0.3,118.18,0.0
2.0,"2019-08-01 18:43:08.000000","2019-08-01 19:30:56.000000",1.0,16.83,1.0,N,100.0,118.0,1.0,51.0,1.0,0.5,5.0,18.36,0.3,78.66,2.5
2.0,"2019-08-01 19:27:53.000000","2019-08-01 20:08:10.000000",1.0,16.36,1.0,N,234.0,118.0,1.0,48.5,1.0,0.5,20.0,18.36,0.3,91.16,2.5
2.0,"2019-08-02 12:52:25.000000","2019-08-02 14:20:29.000000",1.0,24.84,1.0,N,142.0,118.0,1.0,79.0,0.0,0.5,18.91,12.24,0.3,113.45,2.5
2.0,"2019-08-02 13:38:10.000000","2019-08-02 13:54:37.000000",1.0,1.76,1.0,N,48.0,118.0,1.0,11.5,0.0,0.5,3.7,0.0,0.3,18.5,2.5
1.0,"2019-08-02 16:14:32.000000","2019-08-02 17:40:11.000000",1.0,25.6,1.0,N,132.0,118.0,2.0,80.5,1.0,0.5,0.0,12.24,0.3,94.54,0.0
2.0,"2019-08-03 00:14:22.000000","2019-08-03 00:53:07.000000",1.0,17.99,1.0,N,107.0,118.0,1.0,50.0,0.5,0.5,10.0,18.36,0.3,82.16,2.5
2.0,"2019-08-03 00:35:55.000000","2019-08-03 01:25:37.000000",1.0,22.03,1.0,N,137.0,118.0,1.0,61.5,0.5,0.5,15.51,12.24,0.3,93.05,2.5
1.0,"2019-08-03 02:30:45.000000","2019-08-03 03:16:44.000000",1.0,22.0,1.0,N,164.0,118.0,1.0,62.0,3.0,0.5,23.4,12.24,0.3,101.44,2.5
1.0,"2019-08-03 09:37:44.000000","2019-08-03 10:09:36.000000",1.0,14.5,1.0,N,113.0,118.0,1.0,42.0,2.5,0.5,12.7,18.36,0.3,76.36,2.5
2.0,"2019-08-03 13:17:39.000000","2019-08-03 13:54:23.000000",1.0,16.92,1.0,N,164.0,118.0,1.0,49.0,0.0,0.5,7.0,12.24,0.3,71.54,2.5
2.0,"2019-08-03 14:24:21.000000","2019-08-03 15:41:37.000000",1.0,28.41,1.0,N,232.0,118.0,1.0,83.0,0.0,0.5,0.0,12.24,0.3,98.54,2.5
2.0,"2019-08-03 14:11:44.000000","2019-08-03 15:01:57.000000",5.0,19.61,1.0,N,211.0,118.0,1.0,58.0,0.0,0.5,3.0,18.36,0.3,82.66,2.5
2.0,"2019-08-03 15:18:13.000000","2019-08-03 16:25:08.000000",1.0,24.96,1.0,N,132.0,118.0,1.0,73.5,0.0,0.5,21.64,12.24,0.3,108.18,0.0
2.0,"2019-08-03 19:34:41.000000","2019-08-03 20:17:02.000000",1.0,25.78,1.0,N,132.0,118.0,2.0,69.0,0.0,0.5,0.0,12.24,0.3,82.04,0.0
1.0,"2019-08-04 02:29:12.000000","2019-08-04 03:01:11.000000",2.0,19.5,1.0,N,263.0,118.0,3.0,53.0,3.0,0.5,0.0,12.24,0.3,69.04,2.5
1.0,"2019-08-04 14:08:25.000000","2019-08-04 14:47:24.000000",1.0,16.4,1.0,N,234.0,118.0,1.0,48.5,2.5,0.5,20.0,18.36,0.3,90.16,2.5
2.0,"2019-08-04 15:00:50.000000","2019-08-04 16:00:52.000000",1.0,25.66,1.0,N,132.0,118.0,1.0,68.5,0.0,0.5,16.31,12.24,0.3,97.85,0.0
2.0,"2019-08-04 23:18:01.000000","2019-08-04 23:50:17.000000",5.0,24.59,1.0,N,132.0,118.0,1.0,64.5,0.5,0.5,15.0,12.24,0.3,93.04,0.0
1.0,"2019-08-04 23:02:22.000000","2019-08-04 23:37:34.000000",1.0,25.3,1.0,N,132.0,118.0,2.0,66.5,0.5,0.5,0.0,12.24,0.3,80.04,0.0
2.0,"2019-08-05 05:52:08.000000","2019-08-05 06:32:56.000000",3.0,29.62,1.0,N,132.0,118.0,2.0,78.5,0.5,0.5,0.0,12.24,0.3,92.04,0.0
1.0,"2019-08-05 12:41:09.000000","2019-08-05 13:35:37.000000",1.0,23.0,1.0,N,229.0,118.0,1.0,66.5,2.5,0.5,2.0,12.24,0.3,84.04,2.5
2.0,"2019-08-05 15:27:18.000000","2019-08-05 16:29:27.000000",6.0,29.28,1.0,N,132.0,118.0,2.0,80.5,0.0,0.5,0.0,12.24,0.3,93.54,0.0
1.0,"2019-08-05 19:28:57.000000","2019-08-05 20:12:00.000000",4.0,28.6,1.0,N,132.0,118.0,1.0,75.0,1.0,0.5,9.96,12.24,0.3,99.0,0.0
2.0,"2019-08-06 07:13:09.000000","2019-08-06 08:01:57.000000",1.0,27.84,1.0,N,132.0,118.0,1.0,75.5,0.0,0.5,17.71,12.24,0.3,106.25,0.0
1.0,"2019-08-06 10:28:25.000000","2019-08-06 10:33:03.000000",1.0,0.9,1.0,N,118.0,118.0,2.0,5.0,0.0,0.5,0.0,0.0,0.3,5.8,0.0
2.0,"2019-08-06 12:06:24.000000","2019-08-06 13:22:27.000000",1.0,26.85,1.0,N,219.0,118.0,2.0,79.5,0.0,0.5,0.0,12.24,0.3,92.54,0.0
1.0,"2019-08-06 13:42:32.000000","2019-08-06 13:47:34.000000",2.0,0.8,1.0,N,118.0,118.0,2.0,5.0,0.0,0.5,0.0,0.0,0.3,5.8,0.0
2.0,"2019-08-06 13:20:22.000000","2019-08-06 13:33:15.000000",1.0,0.96,1.0,N,118.0,118.0,1.0,9.0,0.0,0.5,0.98,0.0,0.3,10.78,0.0
2.0,"2019-08-06 13:36:23.000000","2019-08-06 13:39:26.000000",1.0,0.57,1.0,N,118.0,118.0,2.0,4.0,0.0,0.5,0.0,0.0,0.3,4.8,0.0
2.0,"2019-08-06 19:22:38.000000","2019-08-06 19:56:14.000000",1.0,25.34,1.0,N,132.0,118.0,2.0,66.0,1.0,0.5,0.0,12.24,0.3,80.04,0.0
2.0,"2019-08-06 21:40:43.000000","2019-08-06 22:08:05.000000",5.0,14.34,1.0,N,209.0,118.0,1.0,40.5,0.5,0.5,14.14,12.24,0.3,70.68,2.5
1.0,"2019-08-06 22:18:55.000000","2019-08-06 23:11:20.000000",1.0,24.7,1.0,N,170.0,118.0,1.0,68.5,3.0,0.5,12.4,18.36,0.3,103.06,2.5
2.0,"2019-08-07 01:09:20.000000","2019-08-07 01:45:33.000000",1.0,17.3,1.0,N,231.0,118.0,1.0,50.5,0.5,0.5,13.31,12.24,0.3,79.85,2.5
2.0,"2019-08-07 14:48:26.000000","2019-08-07 16:07:43.000000",1.0,32.7,1.0,N,244.0,118.0,2.0,90.0,0.0,0.5,0.0,13.25,0.3,104.05,0.0
2.0,"2019-08-07 16:27:26.000000","2019-08-07 17:34:22.000000",1.0,18.12,1.0,N,161.0,118.0,1.0,57.0,1.0,0.5,15.93,18.36,0.3,95.59,2.5
2.0,"2019-08-07 16:30:52.000000","2019-08-07 18:00:53.000000",5.0,27.57,1.0,N,132.0,118.0,2.0,80.0,1.0,0.5,0.0,12.24,0.3,94.04,0.0
1.0,"2019-08-07 17:42:59.000000","2019-08-07 19:34:35.000000",1.0,25.2,1.0,N,138.0,118.0,2.0,84.5,1.0,0.5,0.0,12.24,0.3,98.54,0.0
1.0,"2019-08-07 17:50:22.000000","2019-08-07 19:07:34.000000",2.0,24.2,1.0,N,132.0,118.0,1.0,69.0,1.0,0.5,4.0,12.24,0.3,87.04,0.0
2.0,"2019-08-07 18:28:53.000000","2019-08-08 00:00:00.000000",1.0,28.72,1.0,N,132.0,118.0,2.0,80.0,1.0,0.5,0.0,12.24,0.3,94.04,0.0
1.0,"2019-08-07 22:26:52.000000","2019-08-07 23:09:25.000000",2.0,16.8,1.0,N,186.0,118.0,2.0,49.5,3.0,0.5,0.0,18.36,0.3,71.66,2.5
2.0,"2019-08-07 22:36:28.000000","2019-08-07 23:17:38.000000",1.0,16.41,1.0,N,186.0,118.0,2.0,48.0,0.5,0.5,0.0,18.36,0.3,70.16,2.5
1.0,"2019-08-07 23:14:40.000000","2019-08-08 00:04:50.000000",1.0,21.9,1.0,N,233.0,118.0,1.0,63.5,0.5,0.5,7.0,18.36,0.3,90.16,0.0
2.0,"2019-08-08 00:49:43.000000","2019-08-08 01:30:48.000000",1.0,27.64,1.0,N,132.0,118.0,2.0,73.5,0.5,0.5,0.0,12.24,0.3,87.04,0.0
2.0,"2019-08-08 14:24:30.000000","2019-08-08 15:38:03.000000",1.0,25.67,1.0,N,229.0,118.0,1.0,75.0,0.0,0.5,0.0,18.36,0.3,96.66,2.5
1.0,"2019-08-08 16:30:20.000000","2019-08-08 17:34:44.000000",1.0,25.3,1.0,N,132.0,118.0,1.0,70.0,1.0,0.5,16.8,12.24,0.3,100.84,0.0
2.0,"2019-08-08 19:30:05.000000","2019-08-08 20:16:00.000000",1.0,19.09,1.0,N,164.0,118.0,1.0,54.5,1.0,0.5,23.15,18.36,0.3,100.31,2.5
2.0,"2019-08-09 00:10:22.000000","2019-08-09 00:54:21.000000",2.0,27.26,1.0,N,132.0,118.0,2.0,73.0,0.5,0.5,0.0,12.24,0.3,86.54,0.0
2.0,"2019-08-09 02:35:16.000000","2019-08-09 02:35:33.000000",1.0,0.0,5.0,N,118.0,118.0,1.0,120.0,0.0,0.0,12.0,0.0,0.3,132.3,0.0
2.0,"2019-08-09 09:50:31.000000","2019-08-09 10:26:40.000000",2.0,12.0,1.0,N,14.0,118.0,1.0,38.5,0.0,0.5,0.0,12.24,0.3,51.54,0.0
2.0,"2019-08-09 20:34:28.000000","2019-08-09 21:16:42.000000",1.0,23.93,1.0,N,237.0,118.0,1.0,64.5,0.5,0.5,21.66,18.36,0.3,108.32,2.5
2.0,"2019-08-09 21:18:46.000000","2019-08-09 22:00:31.000000",1.0,18.74,1.0,N,88.0,118.0,1.0,53.5,0.5,0.5,13.91,12.24,0.3,83.45,2.5
2.0,"2019-08-09 22:56:27.000000","2019-08-09 23:58:48.000000",1.0,25.32,1.0,N,138.0,118.0,1.0,74.5,0.5,0.5,26.41,12.24,0.3,114.45,0.0
1.0,"2019-08-09 22:06:30.000000","2019-08-09 23:05:23.000000",1.0,22.7,1.0,N,170.0,118.0,1.0,67.0,3.0,0.5,6.5,12.24,0.3,89.54,2.5
1.0,"2019-08-09 23:52:43.000000","2019-08-10 00:48:40.000000",2.0,21.4,1.0,N,164.0,118.0,1.0,63.0,3.0,0.5,3.0,21.0,0.3,90.8,2.5
2.0,"2019-08-10 10:43:16.000000","2019-08-10 11:46:42.000000",1.0,23.49,1.0,N,239.0,118.0,1.0,68.5,0.0,0.5,22.54,18.36,0.3,112.7,2.5
2.0,"2019-08-10 11:37:41.000000","2019-08-10 12:52:36.000000",1.0,29.55,1.0,N,145.0,118.0,1.0,85.0,0.0,0.5,0.0,12.24,0.3,98.04,0.0
2.0,"2019-08-10 14:46:44.000000","2019-08-10 14:57:58.000000",4.0,1.52,1.0,N,118.0,118.0,2.0,8.0,0.0,0.5,0.0,0.0,0.3,8.8,0.0
1.0,"2019-08-10 14:58:54.000000","2019-08-10 16:02:45.000000",4.0,22.0,1.0,N,138.0,118.0,2.0,64.5,0.0,0.5,0.0,12.24,0.3,77.54,0.0
1.0,"2019-08-10 16:40:58.000000","2019-08-10 16:51:47.000000",2.0,1.7,1.0,N,118.0,118.0,2.0,9.5,0.0,0.5,0.0,0.0,0.3,10.3,0.0
2.0,"2019-08-10 19:11:58.000000","2019-08-11 19:07:28.000000",1.0,25.34,1.0,N,138.0,118.0,1.0,70.0,0.0,0.5,0.0,12.24,0.3,85.54,2.5
1.0,"2019-08-10 21:16:43.000000","2019-08-10 22:31:05.000000",2.0,28.4,1.0,N,132.0,118.0,2.0,83.0,0.5,0.5,0.0,12.24,0.3,96.54,0.0
2.0,"2019-08-10 23:00:27.000000","2019-08-10 23:51:49.000000",1.0,28.69,1.0,N,132.0,118.0,1.0,76.5,0.5,0.5,18.01,12.24,0.3,108.05,0.0
2.0,"2019-08-11 00:14:34.000000","2019-08-11 00:56:47.000000",1.0,28.48,1.0,N,132.0,118.0,2.0,75.0,0.5,0.5,0.0,12.24,0.3,88.54,0.0
1.0,"2019-08-11 02:39:01.000000","2019-08-11 02:43:11.000000",2.0,1.1,5.0,N,118.0,118.0,1.0,95.0,0.0,0.0,0.0,0.0,0.3,95.3,0.0
2.0,"2019-08-11 11:37:32.000000","2019-08-11 12:38:26.000000",1.0,30.29,1.0,N,74.0,118.0,1.0,83.0,0.0,0.5,0.0,12.24,0.3,98.54,2.5
2.0,"2019-08-11 15:54:32.000000","2019-08-11 16:45:26.000000",3.0,25.71,1.0,N,132.0,118.0,2.0,69.5,0.0,0.5,0.0,12.24,0.3,82.54,0.0
1.0,"2019-08-11 16:36:30.000000","2019-08-11 17:19:52.000000",1.0,21.1,1.0,N,138.0,118.0,1.0,57.5,0.0,0.5,21.15,12.24,0.3,91.69,0.0
2.0,"2019-08-11 17:00:53.000000","2019-08-11 17:31:28.000000",1.0,18.93,1.0,N,14.0,118.0,1.0,52.0,0.0,0.5,0.0,12.24,0.3,65.04,0.0
2.0,"2019-08-11 20:21:08.000000","2019-08-11 21:07:46.000000",2.0,25.87,1.0,N,132.0,118.0,2.0,69.5,0.5,0.5,0.0,12.24,0.3,83.04,0.0
2.0,"2019-08-12 07:41:35.000000","2019-08-12 08:16:27.000000",1.0,25.43,1.0,N,132.0,118.0,1.0,66.5,0.0,0.5,18.0,12.24,0.3,97.54,0.0
2.0,"2019-08-12 13:26:53.000000","2019-08-12 14:34:32.000000",1.0,28.5,1.0,N,132.0,118.0,2.0,83.5,0.0,0.5,0.0,12.24,0.3,96.54,0.0
2.0,"2019-08-12 13:47:08.000000","2019-08-12 14:38:57.000000",1.0,25.41,1.0,N,132.0,118.0,2.0,72.0,0.0,0.5,0.0,12.24,0.3,85.04,0.0
2.0,"2019-08-12 13:46:04.000000","2019-08-12 14:48:49.000000",2.0,27.65,1.0,N,132.0,118.0,2.0,79.0,0.0,0.5,0.0,12.24,0.3,92.04,0.0
2.0,"2019-08-12 20:42:32.000000","2019-08-12 21:15:46.000000",1.0,24.03,1.0,N,132.0,118.0,1.0,63.0,0.5,0.5,0.0,12.24,0.3,76.54,0.0
2.0,"2019-08-12 21:56:56.000000","2019-08-12 22:37:51.000000",2.0,28.32,1.0,N,132.0,118.0,2.0,74.0,0.5,0.5,0.0,12.24,0.3,87.54,0.0
2.0,"2019-08-12 22:06:40.000000","2019-08-12 22:47:23.000000",1.0,18.6,1.0,N,161.0,118.0,2.0,52.5,0.5,0.5,0.0,12.24,0.3,68.54,2.5
2.0,"2019-08-12 23:31:38.000000","2019-08-13 00:31:18.000000",1.0,23.26,1.0,N,161.0,118.0,1.0,68.0,0.5,0.5,13.5,12.24,0.3,97.54,2.5
2.0,"2019-08-13 09:36:16.000000","2019-08-13 10:31:43.000000",1.0,25.6,1.0,N,164.0,118.0,1.0,74.5,0.0,0.5,18.56,15.0,0.3,111.36,2.5
2.0,"2019-08-13 10:25:43.000000","2019-08-13 11:23:32.000000",1.0,30.44,1.0,N,107.0,118.0,1.0,84.0,0.0,0.5,0.0,12.24,0.3,99.54,2.5
2.0,"2019-08-13 11:47:36.000000","2019-08-13 12:45:28.000000",1.0,20.6,1.0,N,163.0,118.0,2.0,62.5,0.0,0.5,0.0,12.24,0.3,78.04,2.5
2.0,"2019-08-13 12:34:04.000000","2019-08-13 13:53:56.000000",1.0,17.09,1.0,N,118.0,118.0,1.0,63.5,0.0,0.5,0.0,0.0,0.3,64.3,0.0
2.0,"2019-08-13 18:42:08.000000","2019-08-13 19:23:47.000000",1.0,22.2,1.0,N,138.0,118.0,1.0,59.0,1.0,0.5,18.26,12.24,0.3,91.3,0.0
2.0,"2019-08-13 18:51:57.000000","2019-08-13 19:33:50.000000",2.0,28.63,5.0,N,132.0,118.0,1.0,95.0,0.0,0.5,10.0,12.24,0.3,118.04,0.0
1.0,"2019-08-13 18:24:04.000000","2019-08-13 19:02:27.000000",1.0,17.6,1.0,N,170.0,118.0,1.0,50.0,3.5,0.5,10.0,18.36,0.3,82.66,2.5
2.0,"2019-08-14 00:33:34.000000","2019-08-14 01:23:53.000000",1.0,23.56,1.0,N,170.0,118.0,1.0,65.5,0.5,0.5,4.0,17.28,0.3,90.58,2.5
1.0,"2019-08-14 10:06:36.000000","2019-08-14 10:45:41.000000",1.0,16.8,1.0,N,246.0,118.0,2.0,48.5,2.5,0.5,0.0,0.0,0.3,51.8,2.5
2.0,"2019-08-14 12:25:35.000000","2019-08-14 13:08:28.000000",2.0,25.83,1.0,N,132.0,118.0,2.0,69.0,0.0,0.5,0.0,12.24,0.3,82.04,0.0
2.0,"2019-08-14 13:32:42.000000","2019-08-14 14:37:54.000000",1.0,26.89,1.0,N,138.0,118.0,2.0,75.5,0.0,0.5,0.0,24.48,0.3,103.28,2.5
2.0,"2019-08-14 14:08:14.000000","2019-08-14 15:00:23.000000",1.0,19.58,1.0,N,162.0,118.0,1.0,57.5,0.0,0.5,15.83,18.36,0.3,94.99,2.5
1.0,"2019-08-14 19:53:57.000000","2019-08-14 20:26:35.000000",1.0,17.3,1.0,N,234.0,118.0,1.0,47.5,3.0,0.5,10.0,18.36,0.3,79.66,2.5
1.0,"2019-08-14 22:39:30.000000","2019-08-14 23:31:03.000000",1.0,22.0,1.0,N,164.0,118.0,1.0,64.5,3.0,0.5,16.1,12.24,0.3,96.64,2.5
2.0,"2019-08-14 22:59:58.000000","2019-08-15 22:39:38.000000",2.0,22.62,1.0,N,162.0,118.0,1.0,62.5,0.5,0.5,12.0,18.36,0.3,96.66,2.5
1.0,"2019-08-15 15:09:36.000000","2019-08-15 15:56:18.000000",0.0,16.2,1.0,N,234.0,118.0,1.0,48.0,2.5,0.5,20.0,18.36,0.3,89.66,2.5
2.0,"2019-08-15 21:58:36.000000","2019-08-15 22:34:37.000000",1.0,17.59,1.0,N,87.0,118.0,1.0,49.0,0.5,0.5,14.23,18.36,0.3,85.39,2.5
2.0,"2019-08-16 00:17:57.000000","2019-08-16 00:45:53.000000",1.0,16.5,1.0,N,231.0,118.0,1.0,45.5,0.5,0.5,13.53,18.36,0.3,81.19,2.5
2.0,"2019-08-16 00:27:58.000000","2019-08-16 01:06:03.000000",1.0,21.61,1.0,N,162.0,118.0,1.0,59.5,0.5,0.5,12.5,18.36,0.3,94.16,2.5
1.0,"2019-08-16 14:12:08.000000","2019-08-16 15:03:29.000000",1.0,17.3,1.0,N,186.0,118.0,1.0,53.0,2.5,0.5,3.0,18.36,0.3,77.66,2.5
2.0,"2019-08-16 16:39:15.000000","2019-08-16 17:46:58.000000",2.0,25.33,1.0,N,132.0,118.0,2.0,71.0,1.0,0.5,0.0,12.24,0.3,85.04,0.0
1.0,"2019-08-16 22:09:40.000000","2019-08-16 22:58:35.000000",1.0,20.3,1.0,N,170.0,118.0,1.0,60.0,3.0,0.5,10.0,18.36,0.3,92.16,2.5
1.0,"2019-08-17 03:52:56.000000","2019-08-17 03:53:25.000000",1.0,0.0,5.0,N,118.0,118.0,1.0,30.0,0.0,0.0,5.0,0.0,0.3,35.3,0.0
2.0,"2019-08-18 03:19:08.000000","2019-08-18 04:02:16.000000",1.0,18.22,1.0,N,158.0,118.0,1.0,53.5,0.5,0.5,5.0,12.24,0.3,74.54,2.5
2.0,"2019-08-18 13:22:10.000000","2019-08-18 14:25:38.000000",1.0,28.08,1.0,N,132.0,118.0,2.0,76.0,0.0,0.5,0.0,12.24,0.3,89.04,0.0
2.0,"2019-08-18 13:20:52.000000","2019-08-18 14:17:37.000000",1.0,26.04,1.0,N,132.0,118.0,2.0,70.0,0.0,0.5,0.0,12.24,0.3,83.04,0.0
2.0,"2019-08-19 02:35:02.000000","2019-08-19 03:08:28.000000",1.0,23.0,1.0,N,163.0,118.0,1.0,61.0,0.5,0.5,0.0,12.24,0.3,77.04,2.5
2.0,"2019-08-19 10:30:52.000000","2019-08-19 10:51:32.000000",1.0,6.88,1.0,N,23.0,118.0,1.0,22.0,0.0,0.5,0.0,0.0,0.3,22.8,0.0
2.0,"2019-08-19 18:51:35.000000","2019-08-19 19:39:15.000000",1.0,28.92,1.0,N,132.0,118.0,1.0,77.0,1.0,0.5,0.0,12.24,0.3,91.04,0.0
1.0,"2019-08-19 22:40:55.000000","2019-08-19 23:26:31.000000",4.0,25.0,1.0,N,138.0,118.0,1.0,68.0,0.5,0.5,16.3,12.24,0.3,97.84,0.0
1.0,"2019-08-20 00:03:14.000000","2019-08-20 00:35:52.000000",1.0,21.3,1.0,N,170.0,118.0,1.0,57.5,3.0,0.5,9.5,18.36,0.3,89.16,2.5
2.0,"2019-08-20 09:02:22.000000","2019-08-20 09:43:14.000000",1.0,23.45,1.0,N,132.0,118.0,1.0,62.0,0.0,0.5,15.01,12.24,0.3,90.05,0.0
1.0,"2019-08-20 14:30:46.000000","2019-08-20 15:12:12.000000",4.0,24.0,1.0,N,132.0,118.0,1.0,64.0,0.0,0.5,11.96,12.24,0.3,89.0,0.0
2.0,"2019-08-20 16:08:06.000000","2019-08-20 17:05:25.000000",2.0,29.58,1.0,N,132.0,118.0,1.0,79.5,1.0,0.5,5.5,12.24,0.3,99.04,0.0
2.0,"2019-08-20 20:57:20.000000","2019-08-20 21:36:32.000000",2.0,19.24,1.0,N,237.0,118.0,1.0,53.5,0.5,0.5,17.38,12.24,0.3,86.92,2.5
1.0,"2019-08-20 20:30:13.000000","2019-08-20 20:56:48.000000",1.0,13.9,1.0,N,125.0,118.0,2.0,38.5,3.0,0.5,0.0,18.36,0.3,60.66,2.5
1.0,"2019-08-20 21:37:58.000000","2019-08-20 22:26:08.000000",1.0,27.6,1.0,N,132.0,118.0,2.0,76.0,0.5,0.5,0.0,12.24,0.3,89.54,0.0
1.0,"2019-08-21 00:31:37.000000","2019-08-21 01:30:14.000000",1.0,21.4,1.0,N,162.0,118.0,1.0,67.5,3.0,0.5,0.0,12.24,0.3,83.54,2.5
2.0,"2019-08-21 00:55:22.000000","2019-08-21 01:34:45.000000",1.0,15.45,1.0,N,68.0,118.0,1.0,47.0,0.5,0.5,2.25,12.24,0.3,65.29,2.5
1.0,"2019-08-21 14:35:10.000000","2019-08-21 15:26:42.000000",2.0,28.7,1.0,N,132.0,118.0,1.0,77.0,0.0,0.5,18.0,12.24,0.3,108.04,0.0
2.0,"2019-08-21 16:58:45.000000","2019-08-21 18:00:47.000000",3.0,22.91,1.0,N,230.0,118.0,1.0,67.5,1.0,0.5,0.0,18.36,0.3,90.16,2.5
2.0,"2019-08-21 23:08:13.000000","2019-08-21 23:42:08.000000",2.0,24.44,1.0,N,132.0,118.0,1.0,64.0,0.5,0.5,8.0,12.24,0.3,85.54,0.0
2.0,"2019-08-22 00:56:29.000000","2019-08-22 01:35:28.000000",1.0,25.81,1.0,N,138.0,118.0,1.0,70.0,0.5,0.5,10.0,12.24,0.3,93.54,0.0
2.0,"2019-08-22 02:21:50.000000","2019-08-22 02:58:01.000000",2.0,21.5,1.0,N,162.0,118.0,1.0,58.5,0.5,0.5,12.0,18.12,0.3,92.42,2.5
2.0,"2019-08-22 07:49:09.000000","2019-08-22 08:32:03.000000",1.0,28.8,1.0,N,132.0,118.0,1.0,76.5,0.0,0.5,17.91,12.24,0.3,107.45,0.0
2.0,"2019-08-22 14:51:37.000000","2019-08-22 15:40:55.000000",1.0,25.8,1.0,N,132.0,118.0,1.0,69.0,0.0,0.5,5.0,12.24,0.3,87.04,0.0
2.0,"2019-08-22 15:32:30.000000","2019-08-22 16:54:58.000000",1.0,26.41,1.0,N,74.0,118.0,2.0,78.5,0.0,0.5,0.0,12.24,0.3,94.04,2.5
2.0,"2019-08-22 18:15:27.000000","2019-08-22 19:26:03.000000",3.0,25.09,1.0,N,132.0,118.0,1.0,71.5,1.0,0.5,17.11,12.24,0.3,102.65,0.0
2.0,"2019-08-22 21:29:45.000000","2019-08-22 22:37:18.000000",1.0,21.12,1.0,N,162.0,118.0,1.0,67.5,0.5,0.5,5.0,18.36,0.3,94.66,2.5
1.0,"2019-08-22 22:55:40.000000","2019-08-22 23:37:17.000000",1.0,19.2,1.0,N,237.0,118.0,1.0,53.5,3.0,0.5,20.85,12.24,0.3,90.39,2.5
1.0,"2019-08-23 10:21:26.000000","2019-08-23 10:43:22.000000",1.0,13.2,1.0,N,13.0,118.0,1.0,36.5,2.5,0.5,10.0,22.0,0.3,71.8,2.5
1.0,"2019-08-23 11:40:40.000000","2019-08-23 11:54:31.000000",2.0,2.8,1.0,N,109.0,118.0,2.0,12.0,0.0,0.5,0.0,25.0,0.3,37.8,0.0
2.0,"2019-08-23 18:51:33.000000","2019-08-24 00:00:00.000000",1.0,23.4,1.0,N,138.0,118.0,1.0,62.0,1.0,0.5,7.6,12.24,0.3,83.64,0.0
2.0,"2019-08-24 07:48:25.000000","2019-08-24 08:29:05.000000",1.0,25.44,1.0,N,132.0,118.0,1.0,68.0,0.0,0.5,16.21,12.24,0.3,97.25,0.0
2.0,"2019-08-24 15:05:20.000000","2019-08-24 16:04:21.000000",1.0,28.6,1.0,N,132.0,118.0,2.0,76.5,0.0,0.5,0.0,12.24,0.3,89.54,0.0
2.0,"2019-08-24 16:41:48.000000","2019-08-24 17:32:41.000000",1.0,29.48,1.0,N,132.0,118.0,2.0,78.5,0.0,0.5,0.0,12.24,0.3,91.54,0.0
1.0,"2019-08-25 01:26:44.000000","2019-08-25 02:01:34.000000",4.0,18.2,1.0,N,158.0,118.0,1.0,50.5,3.0,0.5,14.5,18.36,0.3,87.16,2.5
2.0,"2019-08-25 03:08:58.000000","2019-08-25 03:49:56.000000",2.0,16.7,1.0,N,148.0,118.0,2.0,47.5,0.5,0.5,0.0,18.36,0.3,69.66,2.5
2.0,"2019-08-25 10:58:01.000000","2019-08-25 11:45:27.000000",3.0,28.09,1.0,N,132.0,118.0,1.0,74.0,0.0,0.5,17.41,12.24,0.3,104.45,0.0
2.0,"2019-08-25 22:55:24.000000","2019-08-25 23:42:32.000000",1.0,21.32,1.0,N,100.0,118.0,1.0,61.0,0.5,0.5,0.0,18.36,0.3,83.16,2.5
2.0,"2019-08-26 01:01:17.000000","2019-08-26 01:39:35.000000",3.0,22.99,1.0,N,48.0,118.0,2.0,62.5,0.5,0.5,0.0,12.24,0.3,78.54,2.5
2.0,"2019-08-26 10:54:02.000000","2019-08-26 11:45:44.000000",1.0,30.98,1.0,N,132.0,118.0,2.0,83.0,0.0,0.5,0.0,12.24,0.3,96.04,0.0
2.0,"2019-08-26 12:08:20.000000","2019-08-26 13:01:14.000000",2.0,29.5,1.0,N,132.0,118.0,2.0,82.0,0.0,0.5,0.0,12.24,0.3,95.04,0.0
1.0,"2019-08-26 15:40:08.000000","2019-08-26 16:43:16.000000",2.0,18.3,1.0,N,140.0,118.0,1.0,60.5,2.5,0.5,10.0,12.24,0.3,86.04,2.5
1.0,"2019-08-26 17:08:33.000000","2019-08-26 18:42:11.000000",4.0,26.2,1.0,N,138.0,118.0,2.0,83.0,1.0,0.5,0.0,12.24,0.3,97.04,0.0
2.0,"2019-08-26 18:59:02.000000","2019-08-26 19:41:35.000000",1.0,24.39,1.0,N,132.0,118.0,1.0,65.0,1.0,0.5,0.0,12.24,0.3,79.04,0.0
2.0,"2019-08-26 19:53:30.000000","2019-08-26 20:29:02.000000",1.0,24.03,1.0,N,132.0,118.0,2.0,63.0,1.0,0.5,0.0,12.24,0.3,77.04,0.0
2.0,"2019-08-26 23:57:15.000000","2019-08-27 00:38:58.000000",2.0,22.06,1.0,N,170.0,118.0,1.0,61.0,0.5,0.5,10.0,17.28,0.3,92.08,2.5
1.0,"2019-08-27 20:18:45.000000","2019-08-27 20:52:04.000000",1.0,19.0,1.0,N,162.0,118.0,1.0,51.5,3.0,0.5,18.4,18.36,0.3,92.06,2.5
2.0,"2019-08-27 20:45:26.000000","2019-08-27 21:18:53.000000",1.0,21.59,1.0,N,138.0,118.0,2.0,57.0,0.5,0.5,0.0,12.24,0.3,70.54,0.0
1.0,"2019-08-27 21:33:48.000000","2019-08-27 22:16:59.000000",1.0,21.5,1.0,N,170.0,118.0,1.0,59.0,3.0,0.5,11.5,18.36,0.3,92.66,2.5
2.0,"2019-08-29 12:11:22.000000","2019-08-29 13:26:13.000000",1.0,26.94,1.0,N,132.0,118.0,1.0,78.0,0.0,0.5,18.21,12.24,0.3,109.25,0.0
2.0,"2019-08-29 13:27:53.000000","2019-08-29 14:30:56.000000",1.0,28.81,1.0,N,132.0,118.0,1.0,77.5,0.0,0.5,16.2,12.24,0.3,106.74,0.0
2.0,"2019-08-29 15:43:01.000000","2019-08-29 17:01:49.000000",3.0,25.65,1.0,N,132.0,118.0,2.0,74.5,0.0,0.5,0.0,12.24,0.3,87.54,0.0
2.0,"2019-08-29 16:28:31.000000","2019-08-29 17:40:09.000000",5.0,27.99,1.0,N,132.0,118.0,2.0,76.0,1.0,0.5,0.0,0.0,0.3,77.8,0.0
2.0,"2019-08-29 18:50:00.000000","2019-08-29 19:47:57.000000",1.0,25.55,1.0,N,132.0,118.0,2.0,69.0,1.0,0.5,0.0,12.24,0.3,83.04,0.0
2.0,"2019-08-29 22:03:30.000000","2019-08-29 22:58:12.000000",1.0,19.57,1.0,N,261.0,118.0,1.0,59.0,0.5,0.5,15.01,12.24,0.3,90.05,2.5
2.0,"2019-08-29 23:00:27.000000","2019-08-29 23:51:20.000000",1.0,21.45,1.0,N,90.0,118.0,1.0,62.0,0.5,0.5,16.83,18.36,0.3,100.99,2.5
2.0,"2019-08-30 16:21:09.000000","2019-08-30 17:41:32.000000",1.0,29.28,1.0,N,132.0,118.0,2.0,84.0,1.0,0.5,0.0,12.24,0.3,98.04,0.0
2.0,"2019-08-30 17:02:08.000000","2019-08-30 18:13:39.000000",3.0,21.26,1.0,N,48.0,118.0,2.0,65.5,1.0,0.5,0.0,18.36,0.3,88.16,2.5
2.0,"2019-08-30 17:20:49.000000","2019-08-30 18:14:38.000000",1.0,19.41,1.0,N,161.0,118.0,2.0,56.0,1.0,0.5,0.0,12.24,0.3,72.54,2.5
1.0,"2019-08-30 18:13:44.000000","2019-08-30 19:03:52.000000",1.0,25.0,1.0,N,132.0,118.0,2.0,67.5,1.0,0.5,0.0,12.24,0.3,81.54,0.0
2.0,"2019-08-30 20:05:02.000000","2019-08-30 20:55:54.000000",1.0,22.81,1.0,N,140.0,118.0,1.0,65.0,0.5,0.5,24.31,12.24,0.3,105.35,2.5
2.0,"2019-08-30 21:15:46.000000","2019-08-30 22:09:13.000000",3.0,28.7,1.0,N,132.0,118.0,1.0,76.5,0.5,0.5,0.0,12.24,0.3,90.04,0.0
2.0,"2019-08-30 21:51:00.000000","2019-08-30 22:33:06.000000",2.0,22.15,1.0,N,162.0,118.0,1.0,61.0,0.5,0.5,5.0,18.36,0.3,88.16,2.5
1.0,"2019-08-30 23:09:48.000000","2019-08-30 23:50:20.000000",1.0,26.6,1.0,N,132.0,118.0,1.0,70.0,0.5,0.5,16.7,12.24,0.3,100.24,0.0
2.0,"2019-08-31 05:57:56.000000","2019-08-31 06:28:29.000000",1.0,23.72,1.0,N,132.0,118.0,1.0,62.5,0.5,0.5,15.21,12.24,0.3,91.25,0.0
2.0,"2019-08-31 07:28:51.000000","2019-08-31 08:26:19.000000",1.0,28.91,1.0,N,173.0,118.0,1.0,83.0,0.0,0.5,0.0,12.24,0.3,96.04,0.0
2.0,"2019-08-31 10:45:47.000000","2019-08-31 11:21:19.000000",1.0,16.08,1.0,N,234.0,118.0,1.0,46.0,0.0,0.5,16.91,18.36,0.3,84.57,2.5
1.0,"2019-08-31 16:28:16.000000","2019-08-31 17:16:41.000000",1.0,25.2,1.0,N,132.0,118.0,1.0,68.0,0.0,0.5,16.2,12.24,0.3,97.24,0.0
2.0,"2019-08-31 22:03:27.000000","2019-08-31 22:36:33.000000",1.0,15.83,1.0,N,158.0,118.0,1.0,45.0,0.5,0.5,5.0,18.36,0.3,72.16,2.5
,"2019-08-03 17:04:51.000000","2019-08-03 18:13:41.000000",,37.63,,,252.0,118.0,,79.22,2.75,0.0,0.0,24.48,0.3,106.75,0.0
,"2019-08-15 12:28:00.000000","2019-08-15 13:29:00.000000",,23.43,,,161.0,118.0,,61.59,2.75,0.5,0.0,18.36,0.3,83.5,0.0
,"2019-08-30 15:05:00.000000","2019-08-30 16:44:00.000000",,20.09,,,100.0,118.0,,61.95,2.75,0.5,0.0,23.0,0.3,88.5,0.0
