2.0,"2019-08-01 00:13:59.000000","2019-08-01 00:30:47.000000",2.0,6.84,1.0,N,132.0,180.0,1.0,21.0,0.5,0.5,0.0,0.0,0.3,22.3,0.0
2.0,"2019-08-01 01:59:59.000000","2019-08-01 02:11:11.000000",5.0,6.85,1.0,N,132.0,180.0,2.0,20.0,0.5,0.5,0.0,0.0,0.3,21.3,0.0
2.0,"2019-08-01 03:15:50.000000","2019-08-01 03:28:42.000000",5.0,6.07,1.0,N,132.0,180.0,2.0,18.5,0.5,0.5,0.0,0.0,0.3,19.8,0.0
2.0,"2019-08-01 09:56:42.000000","2019-08-01 10:52:13.000000",1.0,15.08,1.0,N,230.0,180.0,1.0,51.0,0.0,0.5,12.08,6.12,0.3,72.5,2.5
1.0,"2019-08-01 12:52:13.000000","2019-08-01 13:05:02.000000",1.0,2.7,1.0,N,197.0,180.0,1.0,11.5,0.0,0.5,0.0,0.0,0.3,12.3,0.0
2.0,"2019-08-01 12:11:02.000000","2019-08-01 12:32:50.000000",1.0,7.8,1.0,N,132.0,180.0,2.0,25.0,0.0,0.5,0.0,0.0,0.3,25.8,0.0
1.0,"2019-08-01 13:08:59.000000","2019-08-01 13:43:29.000000",1.0,9.8,1.0,N,138.0,180.0,2.0,32.5,0.0,0.5,0.0,0.0,0.3,33.3,0.0
2.0,"2019-08-01 13:27:46.000000","2019-08-01 13:44:35.000000",1.0,5.89,1.0,N,132.0,180.0,2.0,18.5,0.0,0.5,0.0,0.0,0.3,19.3,0.0
1.0,"2019-08-01 14:18:22.000000","2019-08-01 14:34:14.000000",2.0,5.9,1.0,N,132.0,180.0,2.0,18.0,0.0,0.5,0.0,0.0,0.3,18.8,0.0
1.0,"2019-08-01 14:53:39.000000","2019-08-01 15:07:37.000000",1.0,4.8,1.0,N,132.0,180.0,1.0,16.0,0.0,0.5,3.35,0.0,0.3,20.15,0.0
2.0,"2019-08-01 14:03:51.000000","2019-08-01 14:21:46.000000",1.0,6.16,1.0,N,132.0,180.0,2.0,19.5,0.0,0.5,0.0,0.0,0.3,20.3,0.0
2.0,"2019-08-01 15:07:08.000000","2019-08-01 15:29:14.000000",1.0,4.95,1.0,N,132.0,180.0,1.0,20.0,0.0,0.5,4.16,0.0,0.3,24.96,0.0
2.0,"2019-08-01 15:37:33.000000","2019-08-01 16:02:22.000000",1.0,6.1,1.0,N,132.0,180.0,2.0,21.5,0.0,0.5,0.0,0.0,0.3,22.3,0.0
2.0,"2019-08-01 17:05:15.000000","2019-08-01 17:27:46.000000",1.0,6.7,1.0,N,132.0,180.0,2.0,21.0,1.0,0.5,0.0,0.0,0.3,22.8,0.0
2.0,"2019-08-01 21:25:07.000000","2019-08-01 22:03:48.000000",1.0,11.45,1.0,N,68.0,180.0,1.0,36.5,0.5,0.5,9.28,6.12,0.3,55.7,2.5
1.0,"2019-08-01 22:42:23.000000","2019-08-01 22:54:52.000000",1.0,5.4,1.0,N,132.0,180.0,1.0,17.0,0.5,0.5,3.65,0.0,0.3,21.95,0.0
1.0,"2019-08-01 22:01:45.000000","2019-08-01 22:14:31.000000",1.0,6.1,1.0,N,132.0,180.0,2.0,18.5,0.5,0.5,0.0,0.0,0.3,19.8,0.0
2.0,"2019-08-01 22:43:35.000000","2019-08-01 23:13:59.000000",1.0,10.42,1.0,N,233.0,180.0,1.0,32.5,0.5,0.5,3.0,6.12,0.3,45.42,2.5
1.0,"2019-08-02 06:07:29.000000","2019-08-02 06:24:31.000000",2.0,7.8,1.0,N,132.0,180.0,1.0,23.0,0.0,0.5,4.75,0.0,0.3,28.55,0.0
2.0,"2019-08-02 09:59:35.000000","2019-08-02 10:15:15.000000",6.0,6.26,1.0,N,132.0,180.0,2.0,19.5,0.0,0.5,0.0,0.0,0.3,20.3,0.0
1.0,"2019-08-02 12:31:52.000000","2019-08-02 13:27:05.000000",1.0,0.0,1.0,N,263.0,180.0,1.0,34.2,0.0,0.5,0.0,0.0,0.3,35.0,0.0
1.0,"2019-08-02 13:05:04.000000","2019-08-02 14:14:08.000000",2.0,12.9,1.0,N,68.0,180.0,2.0,49.5,2.5,0.5,0.0,0.0,0.3,52.8,2.5
2.0,"2019-08-02 13:33:23.000000","2019-08-02 13:46:45.000000",1.0,3.44,1.0,N,102.0,180.0,1.0,13.0,0.0,0.5,0.0,0.0,0.3,13.8,0.0
2.0,"2019-08-02 14:53:14.000000","2019-08-02 15:11:55.000000",5.0,6.84,1.0,N,132.0,180.0,2.0,21.5,0.0,0.5,0.0,0.0,0.3,22.3,0.0
1.0,"2019-08-02 14:40:26.000000","2019-08-02 15:27:15.000000",1.0,11.2,1.0,N,140.0,180.0,1.0,40.0,2.5,0.5,8.65,0.0,0.3,51.95,2.5
2.0,"2019-08-02 15:25:04.000000","2019-08-02 15:42:29.000000",1.0,5.75,1.0,N,132.0,180.0,1.0,19.5,0.0,0.5,20.32,0.0,0.3,40.62,0.0
2.0,"2019-08-02 15:57:15.000000","2019-08-02 16:14:51.000000",4.0,5.36,1.0,N,132.0,180.0,2.0,18.5,0.0,0.5,0.0,0.0,0.3,19.3,0.0
1.0,"2019-08-02 16:50:13.000000","2019-08-02 17:34:08.000000",2.0,10.5,1.0,N,170.0,180.0,1.0,35.5,3.5,0.5,10.0,6.12,0.3,55.92,2.5
2.0,"2019-08-02 17:48:41.000000","2019-08-02 18:07:54.000000",1.0,5.24,1.0,N,132.0,180.0,2.0,17.5,1.0,0.5,0.0,0.0,0.3,19.3,0.0
2.0,"2019-08-02 18:07:28.000000","2019-08-02 18:36:36.000000",4.0,6.87,1.0,N,132.0,180.0,2.0,24.5,1.0,0.5,0.0,0.0,0.3,26.3,0.0
2.0,"2019-08-02 18:28:01.000000","2019-08-02 18:51:43.000000",1.0,5.44,1.0,N,132.0,180.0,2.0,20.5,1.0,0.5,0.0,0.0,0.3,22.3,0.0
2.0,"2019-08-02 18:52:55.000000","2019-08-02 19:11:24.000000",1.0,5.73,1.0,N,132.0,180.0,2.0,19.5,1.0,0.5,0.0,0.0,0.3,21.3,0.0
1.0,"2019-08-02 19:43:46.000000","2019-08-02 19:57:32.000000",1.0,4.6,1.0,N,132.0,180.0,2.0,15.5,1.0,0.5,0.0,0.0,0.3,17.3,0.0
1.0,"2019-08-02 19:35:10.000000","2019-08-02 19:49:14.000000",1.0,6.0,1.0,N,132.0,180.0,1.0,18.5,1.0,0.5,4.05,0.0,0.3,24.35,0.0
2.0,"2019-08-02 20:13:17.000000","2019-08-02 20:27:09.000000",2.0,6.42,1.0,N,132.0,180.0,2.0,19.0,0.5,0.5,0.0,0.0,0.3,20.3,0.0
2.0,"2019-08-02 21:54:49.000000","2019-08-02 22:04:47.000000",1.0,5.63,1.0,N,132.0,180.0,2.0,17.0,0.5,0.5,0.0,0.0,0.3,18.3,0.0
2.0,"2019-08-02 21:54:21.000000","2019-08-02 22:06:18.000000",5.0,4.99,1.0,N,132.0,180.0,2.0,16.0,0.5,0.5,0.0,0.0,0.3,17.3,0.0
1.0,"2019-08-02 22:00:22.000000","2019-08-02 23:03:12.000000",1.0,14.5,1.0,N,231.0,180.0,1.0,51.5,3.0,0.5,0.0,0.0,0.3,55.3,2.5
1.0,"2019-08-02 23:04:25.000000","2019-08-02 23:14:18.000000",1.0,4.7,1.0,N,132.0,180.0,2.0,14.5,0.5,0.5,0.0,0.0,0.3,15.8,0.0
1.0,"2019-08-03 01:56:16.000000","2019-08-03 02:33:11.000000",1.0,13.2,1.0,N,249.0,180.0,1.0,40.5,3.0,0.5,9.5,3.27,0.3,57.07,2.5
2.0,"2019-08-03 02:08:44.000000","2019-08-03 02:59:03.000000",1.0,16.13,1.0,N,90.0,180.0,1.0,51.0,0.5,0.5,5.0,0.0,0.3,59.8,2.5
1.0,"2019-08-03 02:49:15.000000","2019-08-03 03:28:26.000000",3.0,27.4,1.0,N,148.0,180.0,1.0,73.0,3.0,0.5,0.0,0.0,0.3,76.8,2.5
2.0,"2019-08-03 06:32:02.000000","2019-08-03 07:08:38.000000",1.0,12.73,1.0,N,142.0,180.0,2.0,40.0,0.0,0.5,0.0,0.0,0.3,43.3,2.5
2.0,"2019-08-03 07:07:44.000000","2019-08-03 07:19:23.000000",1.0,5.42,1.0,N,132.0,180.0,2.0,17.0,0.0,0.5,0.0,0.0,0.3,17.8,0.0
2.0,"2019-08-03 10:32:10.000000","2019-08-03 10:50:32.000000",2.0,5.56,1.0,N,132.0,180.0,2.0,19.5,0.0,0.5,0.0,0.0,0.3,20.3,0.0
1.0,"2019-08-03 11:52:09.000000","2019-08-03 12:16:41.000000",2.0,8.9,1.0,N,138.0,180.0,2.0,28.0,0.0,0.5,0.0,0.0,0.3,28.8,0.0
2.0,"2019-08-03 13:36:14.000000","2019-08-03 13:55:10.000000",1.0,7.67,1.0,N,132.0,180.0,1.0,23.0,0.0,0.5,4.76,0.0,0.3,28.56,0.0
2.0,"2019-08-03 15:06:16.000000","2019-08-03 15:34:28.000000",2.0,8.63,1.0,N,138.0,180.0,4.0,-29.0,0.0,-0.5,0.0,0.0,-0.3,-29.8,0.0
2.0,"2019-08-03 15:06:16.000000","2019-08-03 15:34:28.000000",2.0,8.63,1.0,N,138.0,180.0,2.0,29.0,0.0,0.5,0.0,0.0,0.3,29.8,0.0
2.0,"2019-08-03 15:26:36.000000","2019-08-03 16:15:23.000000",1.0,8.63,1.0,N,40.0,180.0,1.0,34.5,0.0,0.5,10.59,0.0,0.3,45.89,0.0
2.0,"2019-08-03 16:51:58.000000","2019-08-03 17:15:58.000000",2.0,5.71,1.0,N,132.0,180.0,2.0,21.5,0.0,0.5,0.0,0.0,0.3,22.3,0.0
2.0,"2019-08-03 16:16:16.000000","2019-08-03 16:32:54.000000",1.0,6.52,1.0,N,132.0,180.0,2.0,20.0,0.0,0.5,0.0,0.0,0.3,20.8,0.0
1.0,"2019-08-03 17:01:07.000000","2019-08-03 17:57:18.000000",1.0,12.4,1.0,N,100.0,180.0,1.0,46.0,2.5,0.5,5.54,6.12,0.3,60.96,2.5
2.0,"2019-08-03 17:15:48.000000","2019-08-03 17:18:03.000000",1.0,0.21,1.0,N,180.0,180.0,2.0,3.0,0.0,0.5,0.0,0.0,0.3,3.8,0.0
2.0,"2019-08-03 19:41:37.000000","2019-08-03 20:17:20.000000",2.0,10.87,1.0,N,229.0,180.0,1.0,36.5,0.0,0.5,7.96,0.0,0.3,47.76,2.5
2.0,"2019-08-03 22:33:11.000000","2019-08-03 22:52:15.000000",1.0,5.79,1.0,N,132.0,180.0,2.0,19.5,0.5,0.5,0.0,0.0,0.3,20.8,0.0
2.0,"2019-08-03 22:55:50.000000","2019-08-03 23:10:36.000000",2.0,5.46,1.0,N,132.0,180.0,2.0,18.0,0.5,0.5,0.0,0.0,0.3,19.3,0.0
1.0,"2019-08-03 23:41:48.000000","2019-08-04 00:18:36.000000",2.0,6.2,1.0,N,132.0,180.0,2.0,29.0,0.5,0.5,0.0,0.0,0.3,30.3,0.0
2.0,"2019-08-04 00:47:39.000000","2019-08-04 01:02:29.000000",1.0,5.42,1.0,N,132.0,180.0,2.0,17.5,0.5,0.5,0.0,0.0,0.3,18.8,0.0
2.0,"2019-08-04 01:53:37.000000","2019-08-04 02:24:15.000000",5.0,12.06,1.0,N,186.0,180.0,1.0,36.0,0.5,0.5,4.0,6.12,0.3,49.92,2.5
1.0,"2019-08-04 04:02:56.000000","2019-08-04 04:14:55.000000",1.0,5.6,1.0,N,132.0,180.0,2.0,17.5,0.5,0.5,0.0,0.0,0.3,18.8,0.0
2.0,"2019-08-04 05:06:58.000000","2019-08-04 05:45:12.000000",1.0,16.03,1.0,N,237.0,180.0,2.0,47.5,0.5,0.5,0.0,0.0,0.3,51.3,2.5
2.0,"2019-08-04 05:45:24.000000","2019-08-04 05:50:19.000000",1.0,1.19,1.0,N,197.0,180.0,1.0,6.0,0.5,0.5,2.0,0.0,0.3,9.3,0.0
2.0,"2019-08-04 06:23:44.000000","2019-08-04 06:36:54.000000",6.0,5.12,1.0,N,132.0,180.0,2.0,18.0,0.0,0.5,0.0,0.0,0.3,18.8,0.0
2.0,"2019-08-04 07:03:59.000000","2019-08-04 07:15:33.000000",1.0,6.82,1.0,N,132.0,180.0,2.0,20.0,0.0,0.5,0.0,0.0,0.3,20.8,0.0
2.0,"2019-08-04 07:10:21.000000","2019-08-04 07:20:17.000000",6.0,5.8,1.0,N,132.0,180.0,2.0,17.5,0.0,0.5,0.0,0.0,0.3,18.3,0.0
1.0,"2019-08-04 10:46:18.000000","2019-08-04 10:57:35.000000",1.0,5.3,1.0,N,132.0,180.0,1.0,16.5,0.0,0.5,2.0,0.0,0.3,19.3,0.0
2.0,"2019-08-04 12:40:36.000000","2019-08-04 12:53:04.000000",1.0,4.82,1.0,N,132.0,180.0,1.0,16.0,0.0,0.5,5.04,0.0,0.3,21.84,0.0
2.0,"2019-08-04 13:14:30.000000","2019-08-04 13:34:51.000000",1.0,7.29,1.0,N,132.0,180.0,1.0,22.5,0.0,0.5,2.0,0.0,0.3,25.3,0.0
2.0,"2019-08-04 14:20:51.000000","2019-08-04 14:44:05.000000",1.0,7.09,1.0,N,132.0,180.0,2.0,24.0,0.0,0.5,0.0,0.0,0.3,24.8,0.0
2.0,"2019-08-04 14:53:19.000000","2019-08-04 15:07:08.000000",1.0,5.19,1.0,N,132.0,180.0,2.0,17.0,0.0,0.5,0.0,0.0,0.3,17.8,0.0
2.0,"2019-08-04 15:09:50.000000","2019-08-04 15:24:03.000000",1.0,5.17,1.0,N,132.0,180.0,2.0,17.0,0.0,0.5,0.0,0.0,0.3,17.8,0.0
1.0,"2019-08-04 17:39:16.000000","2019-08-04 18:02:20.000000",2.0,5.6,1.0,N,76.0,180.0,1.0,20.5,0.0,0.5,0.0,0.0,0.3,21.3,0.0
2.0,"2019-08-04 18:25:08.000000","2019-08-04 18:52:22.000000",5.0,11.24,1.0,N,138.0,180.0,1.0,33.5,0.0,0.5,6.86,0.0,0.3,41.16,0.0
2.0,"2019-08-04 18:15:06.000000","2019-08-04 18:16:25.000000",3.0,0.35,5.0,N,258.0,180.0,1.0,62.0,0.0,0.5,0.0,6.12,0.3,68.92,0.0
2.0,"2019-08-04 19:28:59.000000","2019-08-04 19:44:22.000000",1.0,6.51,1.0,N,132.0,180.0,2.0,20.0,0.0,0.5,0.0,0.0,0.3,20.8,0.0
1.0,"2019-08-04 21:58:05.000000","2019-08-04 22:03:05.000000",2.0,0.0,1.0,N,180.0,180.0,2.0,4.5,0.5,0.5,0.0,0.0,0.3,5.8,0.0
2.0,"2019-08-04 21:09:12.000000","2019-08-04 21:31:41.000000",1.0,6.44,1.0,N,132.0,180.0,2.0,21.5,0.5,0.5,0.0,0.0,0.3,22.8,0.0
2.0,"2019-08-04 21:09:15.000000","2019-08-04 21:31:41.000000",1.0,6.95,1.0,N,132.0,180.0,2.0,23.0,0.5,0.5,0.0,0.0,0.3,24.3,0.0
1.0,"2019-08-04 22:56:17.000000","2019-08-04 23:26:36.000000",2.0,11.7,1.0,N,148.0,180.0,2.0,34.5,3.0,0.5,0.0,0.0,0.3,38.3,2.5
2.0,"2019-08-04 22:18:22.000000","2019-08-04 22:32:41.000000",2.0,5.11,1.0,N,132.0,180.0,1.0,17.0,0.5,0.5,1.7,0.0,0.3,20.0,0.0
2.0,"2019-08-04 22:54:59.000000","2019-08-04 23:07:26.000000",4.0,5.43,1.0,N,132.0,180.0,2.0,17.0,0.5,0.5,0.0,0.0,0.3,18.3,0.0
2.0,"2019-08-04 22:45:11.000000","2019-08-04 22:54:37.000000",1.0,5.48,1.0,N,132.0,180.0,2.0,16.5,0.5,0.5,0.0,0.0,0.3,17.8,0.0
2.0,"2019-08-04 23:47:30.000000","2019-08-05 00:00:27.000000",1.0,6.87,1.0,N,132.0,180.0,2.0,20.0,0.5,0.5,0.0,0.0,0.3,21.3,0.0
1.0,"2019-08-05 01:31:19.000000","2019-08-05 01:45:08.000000",3.0,6.2,1.0,N,132.0,180.0,2.0,19.5,0.5,0.5,0.0,0.0,0.3,20.8,0.0
2.0,"2019-08-05 01:56:07.000000","2019-08-05 02:04:27.000000",1.0,4.93,1.0,N,132.0,180.0,1.0,15.0,0.5,0.5,0.0,0.0,0.3,16.3,0.0
1.0,"2019-08-05 02:26:30.000000","2019-08-05 02:27:12.000000",1.0,0.0,5.0,N,180.0,180.0,1.0,350.0,0.0,0.0,0.0,0.0,0.3,350.3,0.0
1.0,"2019-08-05 02:28:26.000000","2019-08-05 02:28:48.000000",1.0,0.0,5.0,N,180.0,180.0,1.0,250.0,0.0,0.0,0.0,0.0,0.3,250.3,0.0
1.0,"2019-08-05 02:30:04.000000","2019-08-05 02:30:32.000000",1.0,0.0,5.0,N,180.0,180.0,1.0,275.0,0.0,0.0,0.0,0.0,0.3,275.3,0.0
2.0,"2019-08-05 02:13:37.000000","2019-08-05 02:25:07.000000",1.0,6.45,1.0,N,132.0,180.0,2.0,19.0,0.5,0.5,0.0,0.0,0.3,20.3,0.0
2.0,"2019-08-05 05:52:26.000000","2019-08-05 06:03:03.000000",1.0,6.09,1.0,N,132.0,180.0,2.0,18.0,0.5,0.5,0.0,0.0,0.3,19.3,0.0
2.0,"2019-08-05 06:38:53.000000","2019-08-05 06:57:00.000000",1.0,5.45,1.0,N,132.0,180.0,2.0,18.5,0.0,0.5,0.0,0.0,0.3,19.3,0.0
2.0,"2019-08-05 06:40:38.000000","2019-08-05 06:51:31.000000",1.0,5.05,1.0,N,132.0,180.0,2.0,-15.5,0.0,-0.5,0.0,0.0,-0.3,-16.3,0.0
2.0,"2019-08-05 07:12:59.000000","2019-08-05 07:27:59.000000",1.0,5.7,1.0,N,132.0,180.0,2.0,17.5,0.0,0.5,0.0,0.0,0.3,18.3,0.0
2.0,"2019-08-05 08:53:30.000000","2019-08-05 09:07:10.000000",1.0,6.09,1.0,N,132.0,180.0,1.0,19.0,0.0,0.5,5.0,0.0,0.3,24.8,0.0
2.0,"2019-08-05 08:56:52.000000","2019-08-05 09:08:24.000000",1.0,5.82,1.0,N,132.0,180.0,2.0,18.0,0.0,0.5,0.0,0.0,0.3,18.8,0.0
2.0,"2019-08-05 13:37:26.000000","2019-08-05 13:52:01.000000",1.0,4.99,1.0,N,132.0,180.0,2.0,16.5,0.0,0.5,0.0,0.0,0.3,17.3,0.0
1.0,"2019-08-05 14:28:36.000000","2019-08-05 14:47:55.000000",3.0,6.2,1.0,N,132.0,180.0,2.0,20.5,0.0,0.5,0.0,0.0,0.3,21.3,0.0
1.0,"2019-08-05 14:04:35.000000","2019-08-05 14:17:52.000000",1.0,5.5,1.0,N,132.0,180.0,2.0,18.0,0.0,0.5,0.0,0.0,0.3,18.8,0.0
1.0,"2019-08-05 17:56:15.000000","2019-08-05 18:47:42.000000",1.0,10.4,1.0,N,140.0,180.0,2.0,37.0,3.5,0.5,0.0,0.0,0.3,41.3,2.5
2.0,"2019-08-05 17:33:50.000000","2019-08-05 17:54:31.000000",2.0,6.04,1.0,N,132.0,180.0,2.0,21.0,1.0,0.5,0.0,0.0,0.3,22.8,0.0
1.0,"2019-08-05 18:25:46.000000","2019-08-05 18:40:48.000000",2.0,6.6,1.0,N,132.0,180.0,2.0,20.5,1.0,0.5,0.0,0.0,0.3,22.3,0.0
2.0,"2019-08-05 18:17:54.000000","2019-08-05 18:32:31.000000",1.0,5.59,1.0,N,132.0,180.0,2.0,18.0,1.0,0.5,0.0,0.0,0.3,19.8,0.0
2.0,"2019-08-05 19:42:17.000000","2019-08-05 19:57:11.000000",2.0,5.96,1.0,N,132.0,180.0,2.0,18.0,1.0,0.5,0.0,0.0,0.3,19.8,0.0
2.0,"2019-08-05 14:55:20.000000","2019-08-05 15:11:11.000000",1.0,6.52,1.0,N,132.0,180.0,1.0,20.5,0.5,0.5,4.36,0.0,0.3,26.16,0.0
1.0,"2019-08-05 22:29:15.000000","2019-08-05 22:51:48.000000",1.0,12.8,1.0,N,138.0,180.0,2.0,36.0,0.5,0.5,0.0,0.0,0.3,37.3,0.0
1.0,"2019-08-06 00:22:26.000000","2019-08-06 00:35:06.000000",1.0,6.1,1.0,N,132.0,180.0,2.0,18.5,0.5,0.5,0.0,0.0,0.3,19.8,0.0
1.0,"2019-08-06 00:48:28.000000","2019-08-06 01:01:07.000000",1.0,6.3,1.0,N,132.0,180.0,3.0,19.5,0.5,0.5,0.0,0.0,0.3,20.8,0.0
2.0,"2019-08-06 01:52:41.000000","2019-08-06 02:04:25.000000",2.0,5.52,1.0,N,132.0,180.0,2.0,17.0,0.5,0.5,0.0,0.0,0.3,18.3,0.0
2.0,"2019-08-06 01:31:04.000000","2019-08-06 01:41:01.000000",1.0,5.15,1.0,N,132.0,180.0,1.0,15.5,0.5,0.5,1.0,0.0,0.3,17.8,0.0
1.0,"2019-08-06 10:44:03.000000","2019-08-06 11:05:46.000000",1.0,12.5,1.0,N,101.0,180.0,2.0,34.5,0.0,0.5,0.0,0.0,0.3,35.3,0.0
2.0,"2019-08-06 10:55:25.000000","2019-08-06 11:10:58.000000",2.0,6.81,1.0,N,132.0,180.0,2.0,21.0,0.0,0.5,0.0,0.0,0.3,21.8,0.0
2.0,"2019-08-06 11:07:07.000000","2019-08-06 11:33:44.000000",1.0,5.96,1.0,N,132.0,180.0,2.0,24.5,0.0,0.5,0.0,0.0,0.3,25.3,0.0
1.0,"2019-08-06 12:02:52.000000","2019-08-06 12:18:26.000000",0.0,6.1,1.0,N,132.0,180.0,2.0,19.5,0.0,0.5,0.0,0.0,0.3,20.3,0.0
1.0,"2019-08-06 12:56:05.000000","2019-08-06 13:47:26.000000",1.0,0.0,1.0,N,88.0,180.0,1.0,39.2,0.0,0.5,0.0,0.0,0.3,40.0,0.0
2.0,"2019-08-06 12:36:11.000000","2019-08-06 13:03:58.000000",1.0,10.25,1.0,N,138.0,180.0,2.0,32.0,0.0,0.5,0.0,0.0,0.3,32.8,0.0
2.0,"2019-08-06 13:53:58.000000","2019-08-06 14:28:41.000000",1.0,12.95,1.0,N,140.0,180.0,1.0,38.0,0.0,0.5,0.0,6.12,0.3,44.92,0.0
2.0,"2019-08-06 15:46:11.000000","2019-08-06 16:00:03.000000",1.0,6.64,1.0,N,132.0,180.0,2.0,19.5,0.0,0.5,0.0,0.0,0.3,20.3,0.0
2.0,"2019-08-06 15:01:32.000000","2019-08-06 15:41:32.000000",1.0,9.42,1.0,N,138.0,180.0,2.0,34.0,0.0,0.5,0.0,0.0,0.3,34.8,0.0
2.0,"2019-08-06 16:55:22.000000","2019-08-06 17:12:27.000000",1.0,5.64,1.0,N,132.0,180.0,2.0,19.5,1.0,0.5,0.0,0.0,0.3,21.3,0.0
2.0,"2019-08-06 17:13:59.000000","2019-08-06 18:19:17.000000",5.0,13.49,1.0,N,237.0,180.0,2.0,48.0,1.0,0.5,0.0,6.12,0.3,58.42,2.5
2.0,"2019-08-06 17:21:51.000000","2019-08-06 17:37:16.000000",1.0,5.64,1.0,N,132.0,180.0,2.0,18.5,1.0,0.5,0.0,0.0,0.3,20.3,0.0
2.0,"2019-08-06 17:50:01.000000","2019-08-06 18:25:20.000000",1.0,6.88,1.0,N,260.0,180.0,2.0,26.5,1.0,0.5,0.0,0.0,0.3,28.3,0.0
1.0,"2019-08-06 17:04:19.000000","2019-08-06 17:24:57.000000",1.0,5.4,1.0,N,264.0,180.0,2.0,19.0,1.0,0.5,0.0,0.0,0.3,20.8,0.0
2.0,"2019-08-06 18:27:40.000000","2019-08-06 18:51:10.000000",1.0,5.54,1.0,N,132.0,180.0,1.0,20.5,1.0,0.5,5.58,0.0,0.3,27.88,0.0
2.0,"2019-08-06 19:17:27.000000","2019-08-06 19:17:46.000000",1.0,0.05,1.0,N,180.0,180.0,2.0,2.5,1.0,0.5,0.0,0.0,0.3,4.3,0.0
1.0,"2019-08-06 19:08:30.000000","2019-08-06 19:26:30.000000",2.0,6.8,1.0,N,132.0,180.0,2.0,21.0,1.0,0.5,0.0,0.0,0.3,22.8,0.0
2.0,"2019-08-06 20:37:36.000000","2019-08-06 20:50:47.000000",2.0,5.84,1.0,N,132.0,180.0,1.0,18.0,0.5,0.5,5.79,0.0,0.3,25.09,0.0
2.0,"2019-08-06 20:45:29.000000","2019-08-06 21:02:02.000000",5.0,6.88,1.0,N,132.0,180.0,2.0,21.0,0.5,0.5,0.0,0.0,0.3,22.3,0.0
2.0,"2019-08-06 22:00:12.000000","2019-08-06 22:36:48.000000",1.0,11.85,1.0,N,246.0,180.0,2.0,38.0,0.5,0.5,0.0,6.12,0.3,47.92,2.5
2.0,"2019-08-06 23:04:09.000000","2019-08-06 23:31:23.000000",1.0,12.01,1.0,N,138.0,180.0,1.0,34.5,0.5,0.5,25.0,0.0,0.3,60.8,0.0
1.0,"2019-08-06 23:08:41.000000","2019-08-06 23:21:33.000000",1.0,5.4,1.0,N,132.0,180.0,2.0,17.5,0.5,0.5,0.0,0.0,0.3,18.8,0.0
2.0,"2019-08-06 23:58:11.000000","2019-08-07 00:10:21.000000",4.0,6.83,1.0,N,132.0,180.0,2.0,20.5,0.5,0.5,0.0,0.0,0.3,21.8,0.0
2.0,"2019-08-07 01:25:21.000000","2019-08-07 01:33:53.000000",1.0,6.27,1.0,N,132.0,180.0,1.0,18.5,0.5,0.5,3.96,0.0,0.3,23.76,0.0
2.0,"2019-08-07 01:29:59.000000","2019-08-07 01:42:30.000000",1.0,5.78,1.0,N,132.0,180.0,2.0,17.5,0.5,0.5,0.0,0.0,0.3,18.8,0.0
2.0,"2019-08-07 03:27:15.000000","2019-08-07 03:48:03.000000",1.0,8.35,1.0,N,226.0,180.0,1.0,25.5,0.5,0.5,5.36,0.0,0.3,32.16,0.0
2.0,"2019-08-07 05:12:28.000000","2019-08-07 05:22:38.000000",1.0,5.55,1.0,N,132.0,180.0,2.0,16.5,0.5,0.5,0.0,0.0,0.3,17.8,0.0
2.0,"2019-08-07 08:38:53.000000","2019-08-07 09:12:04.000000",3.0,11.29,1.0,N,138.0,180.0,1.0,34.5,0.0,0.5,7.06,0.0,0.3,42.36,0.0
1.0,"2019-08-07 10:21:23.000000","2019-08-07 10:33:19.000000",1.0,5.3,1.0,N,132.0,180.0,3.0,17.0,0.0,0.5,0.0,0.0,0.3,17.8,0.0
1.0,"2019-08-07 15:22:52.000000","2019-08-07 15:39:01.000000",2.0,4.9,1.0,N,132.0,180.0,2.0,18.0,0.0,0.5,0.0,0.0,0.3,18.8,0.0
1.0,"2019-08-07 18:37:04.000000","2019-08-07 19:26:28.000000",1.0,0.0,1.0,N,20.0,180.0,1.0,40.2,0.0,0.5,0.0,6.12,0.3,47.12,0.0
1.0,"2019-08-07 18:43:15.000000","2019-08-07 19:14:48.000000",1.0,0.0,1.0,N,131.0,180.0,1.0,24.2,0.0,0.5,0.0,0.0,0.3,25.0,0.0
2.0,"2019-08-07 18:21:50.000000","2019-08-07 18:46:29.000000",1.0,6.6,1.0,N,132.0,180.0,2.0,22.5,1.0,0.5,0.0,0.0,0.3,24.3,0.0
2.0,"2019-08-07 20:39:12.000000","2019-08-07 20:53:08.000000",5.0,5.98,1.0,N,132.0,180.0,2.0,17.5,0.5,0.5,0.0,0.0,0.3,18.8,0.0
2.0,"2019-08-08 00:32:37.000000","2019-08-08 00:44:53.000000",2.0,6.85,1.0,N,132.0,180.0,2.0,20.0,0.5,0.5,0.0,0.0,0.3,21.3,0.0
1.0,"2019-08-08 00:06:02.000000","2019-08-08 00:16:23.000000",1.0,5.2,1.0,N,132.0,180.0,2.0,16.0,0.5,0.5,0.0,0.0,0.3,17.3,0.0
1.0,"2019-08-08 01:11:08.000000","2019-08-08 01:31:42.000000",1.0,12.1,1.0,N,138.0,180.0,2.0,35.0,0.5,0.5,0.0,0.0,0.3,36.3,0.0
2.0,"2019-08-08 01:05:57.000000","2019-08-08 01:32:24.000000",3.0,12.4,1.0,N,79.0,180.0,2.0,36.0,0.5,0.5,0.0,0.0,0.3,39.8,2.5
2.0,"2019-08-08 02:54:41.000000","2019-08-08 03:07:40.000000",3.0,6.85,1.0,N,132.0,180.0,2.0,20.5,0.5,0.5,0.0,0.0,0.3,21.8,0.0
1.0,"2019-08-08 03:41:16.000000","2019-08-08 03:52:20.000000",1.0,6.0,1.0,N,132.0,180.0,2.0,18.0,0.5,0.5,0.0,0.0,0.3,19.3,0.0
2.0,"2019-08-08 06:41:33.000000","2019-08-08 06:57:58.000000",3.0,6.81,1.0,N,132.0,180.0,2.0,21.0,0.0,0.5,0.0,0.0,0.3,21.8,0.0
2.0,"2019-08-08 07:09:24.000000","2019-08-08 07:21:58.000000",1.0,4.42,1.0,N,132.0,180.0,2.0,15.0,0.0,0.5,0.0,0.0,0.3,15.8,0.0
2.0,"2019-08-08 08:45:56.000000","2019-08-08 08:59:08.000000",1.0,5.14,1.0,N,132.0,180.0,2.0,16.5,0.0,0.5,0.0,0.0,0.3,17.3,0.0
2.0,"2019-08-08 09:32:54.000000","2019-08-08 10:03:46.000000",2.0,11.03,1.0,N,138.0,180.0,2.0,34.0,0.0,0.5,0.0,0.0,0.3,34.8,0.0
2.0,"2019-08-08 10:31:55.000000","2019-08-08 10:46:18.000000",1.0,6.25,1.0,N,132.0,180.0,2.0,18.5,0.0,0.5,0.0,0.0,0.3,19.3,0.0
2.0,"2019-08-08 10:07:32.000000","2019-08-08 10:20:08.000000",1.0,5.11,1.0,N,132.0,180.0,2.0,15.5,0.0,0.5,0.0,0.0,0.3,16.3,0.0
1.0,"2019-08-08 12:55:08.000000","2019-08-08 13:40:46.000000",0.0,13.3,2.0,N,232.0,180.0,2.0,52.0,2.5,0.5,0.0,6.12,0.3,61.42,2.5
1.0,"2019-08-08 14:13:53.000000","2019-08-08 14:29:49.000000",0.0,6.0,1.0,N,132.0,180.0,2.0,19.0,0.0,0.5,0.0,0.0,0.3,19.8,0.0
2.0,"2019-08-08 16:29:13.000000","2019-08-08 16:46:28.000000",1.0,5.12,1.0,N,132.0,180.0,2.0,17.5,1.0,0.5,0.0,0.0,0.3,19.3,0.0
2.0,"2019-08-08 17:26:15.000000","2019-08-08 18:20:25.000000",3.0,9.66,1.0,N,231.0,180.0,2.0,38.0,1.0,0.5,0.0,0.0,0.3,42.3,2.5
1.0,"2019-08-08 17:33:10.000000","2019-08-08 18:50:09.000000",1.0,0.0,1.0,N,236.0,180.0,1.0,34.2,0.0,0.5,0.0,0.0,0.3,35.0,0.0
2.0,"2019-08-08 17:07:01.000000","2019-08-08 17:24:36.000000",1.0,5.01,1.0,N,132.0,180.0,1.0,18.0,1.0,0.5,3.96,0.0,0.3,23.76,0.0
2.0,"2019-08-08 17:25:09.000000","2019-08-08 18:16:07.000000",1.0,9.08,1.0,N,131.0,180.0,2.0,30.5,1.0,0.5,0.0,0.0,0.3,32.3,0.0
2.0,"2019-08-08 19:09:42.000000","2019-08-08 20:01:19.000000",1.0,11.26,1.0,N,138.0,180.0,2.0,42.0,1.0,0.5,0.0,0.0,0.3,43.8,0.0
2.0,"2019-08-08 21:43:49.000000","2019-08-08 21:56:48.000000",1.0,6.54,1.0,N,132.0,180.0,2.0,19.0,0.5,0.5,0.0,0.0,0.3,20.3,0.0
2.0,"2019-08-08 21:59:23.000000","2019-08-08 22:45:55.000000",1.0,11.38,1.0,N,170.0,180.0,1.0,42.0,0.5,0.5,10.38,6.12,0.3,62.3,2.5
1.0,"2019-08-08 23:43:15.000000","2019-08-08 23:56:36.000000",1.0,6.5,1.0,N,132.0,180.0,2.0,19.0,0.5,0.5,0.0,0.0,0.3,20.3,0.0
1.0,"2019-08-09 00:15:49.000000","2019-08-09 00:46:35.000000",2.0,11.9,1.0,N,90.0,180.0,2.0,34.5,3.0,0.5,0.0,6.12,0.3,44.42,2.5
2.0,"2019-08-08 23:57:41.000000","2019-08-09 00:10:20.000000",1.0,5.86,1.0,N,132.0,180.0,1.0,18.5,0.5,0.5,0.99,0.0,0.3,20.79,0.0
1.0,"2019-08-09 00:55:33.000000","2019-08-09 01:06:46.000000",3.0,5.3,1.0,N,132.0,180.0,2.0,16.0,0.5,0.5,0.0,0.0,0.3,17.3,0.0
2.0,"2019-08-09 01:40:04.000000","2019-08-09 01:48:53.000000",1.0,5.01,1.0,N,132.0,180.0,2.0,15.5,0.5,0.5,0.0,0.0,0.3,16.8,0.0
2.0,"2019-08-09 02:32:10.000000","2019-08-09 02:44:13.000000",2.0,6.11,1.0,N,132.0,180.0,2.0,18.0,0.5,0.5,0.0,0.0,0.3,19.3,0.0
2.0,"2019-08-09 03:16:53.000000","2019-08-09 03:43:05.000000",1.0,11.62,1.0,N,132.0,180.0,2.0,33.5,0.5,0.5,0.0,0.0,0.3,34.8,0.0
2.0,"2019-08-09 03:59:11.000000","2019-08-09 04:08:54.000000",1.0,6.41,1.0,N,132.0,180.0,2.0,18.5,0.5,0.5,0.0,0.0,0.3,19.8,0.0
2.0,"2019-08-09 06:04:08.000000","2019-08-09 06:24:20.000000",1.0,9.3,1.0,N,138.0,180.0,2.0,28.5,0.0,0.5,0.0,0.0,0.3,29.3,0.0
2.0,"2019-08-09 07:31:45.000000","2019-08-09 07:46:21.000000",1.0,4.73,1.0,N,132.0,180.0,2.0,16.5,0.0,0.5,0.0,0.0,0.3,17.3,0.0
2.0,"2019-08-09 09:23:45.000000","2019-08-09 09:37:46.000000",2.0,5.97,1.0,N,132.0,180.0,2.0,18.0,0.0,0.5,0.0,0.0,0.3,18.8,0.0
1.0,"2019-08-09 10:13:13.000000","2019-08-09 10:28:59.000000",0.0,5.1,1.0,N,132.0,180.0,2.0,17.5,0.0,0.5,0.0,0.0,0.3,18.3,0.0
2.0,"2019-08-09 12:53:00.000000","2019-08-09 13:12:40.000000",1.0,6.67,1.0,N,132.0,180.0,2.0,21.5,0.0,0.5,0.0,0.0,0.3,22.3,0.0
2.0,"2019-08-09 12:59:03.000000","2019-08-09 13:11:43.000000",1.0,5.41,1.0,N,132.0,180.0,2.0,17.5,0.0,0.5,0.0,0.0,0.3,18.3,0.0
1.0,"2019-08-09 13:31:04.000000","2019-08-09 13:49:21.000000",1.0,3.8,1.0,N,102.0,180.0,1.0,14.5,0.0,0.5,0.0,0.0,0.3,15.3,0.0
1.0,"2019-08-09 14:27:02.000000","2019-08-09 14:41:06.000000",2.0,4.5,1.0,N,132.0,180.0,2.0,15.0,0.0,0.5,0.0,0.0,0.3,15.8,0.0
1.0,"2019-08-09 15:09:41.000000","2019-08-09 15:24:54.000000",0.0,6.4,1.0,N,132.0,180.0,2.0,19.5,0.0,0.5,0.0,0.0,0.3,20.3,0.0
1.0,"2019-08-09 15:30:17.000000","2019-08-09 16:12:03.000000",1.0,0.0,1.0,N,146.0,180.0,1.0,28.2,0.0,0.5,0.0,0.0,0.3,29.0,0.0
2.0,"2019-08-09 15:07:59.000000","2019-08-09 15:20:23.000000",1.0,4.44,1.0,N,132.0,180.0,2.0,15.0,0.0,0.5,0.0,0.0,0.3,15.8,0.0
1.0,"2019-08-09 16:15:00.000000","2019-08-09 17:15:22.000000",1.0,12.1,1.0,N,223.0,180.0,1.0,42.5,1.0,0.5,5.0,0.0,0.3,49.3,0.0
2.0,"2019-08-09 18:07:43.000000","2019-08-09 19:13:16.000000",1.0,16.17,1.0,N,167.0,180.0,1.0,56.0,1.0,0.5,0.0,6.12,0.3,65.87,0.0
2.0,"2019-08-09 19:10:52.000000","2019-08-09 19:32:18.000000",1.0,5.36,1.0,N,132.0,180.0,2.0,19.5,1.0,0.5,0.0,0.0,0.3,21.3,0.0
2.0,"2019-08-09 19:18:08.000000","2019-08-09 19:54:40.000000",1.0,11.19,1.0,N,100.0,180.0,1.0,36.5,1.0,0.5,9.38,6.12,0.3,56.3,2.5
1.0,"2019-08-09 20:34:23.000000","2019-08-09 21:25:16.000000",1.0,14.9,1.0,N,261.0,180.0,1.0,46.5,3.0,0.5,10.05,0.0,0.3,60.35,2.5
2.0,"2019-08-09 21:06:58.000000","2019-08-09 21:19:50.000000",1.0,6.25,1.0,N,132.0,180.0,1.0,18.5,0.5,0.5,2.0,0.0,0.3,21.8,0.0
2.0,"2019-08-09 22:35:41.000000","2019-08-09 22:46:55.000000",2.0,4.79,1.0,N,132.0,180.0,2.0,15.5,0.5,0.5,0.0,0.0,0.3,16.8,0.0
1.0,"2019-08-09 22:25:02.000000","2019-08-09 23:11:06.000000",0.0,12.2,1.0,N,43.0,180.0,1.0,41.5,3.0,0.5,5.0,0.0,0.3,50.3,2.5
2.0,"2019-08-09 22:03:42.000000","2019-08-09 22:24:10.000000",1.0,7.37,1.0,N,132.0,180.0,1.0,24.0,0.5,0.5,5.06,0.0,0.3,30.36,0.0
1.0,"2019-08-09 23:00:30.000000","2019-08-09 23:01:11.000000",1.0,0.0,1.0,N,180.0,180.0,1.0,28.2,0.0,0.5,0.0,0.0,0.3,29.0,0.0
2.0,"2019-08-10 00:37:39.000000","2019-08-10 00:49:44.000000",1.0,6.6,1.0,N,132.0,180.0,2.0,19.5,0.5,0.5,0.0,0.0,0.3,20.8,0.0
2.0,"2019-08-10 00:09:46.000000","2019-08-10 00:21:35.000000",2.0,6.65,1.0,N,132.0,180.0,1.0,19.5,0.5,0.5,6.24,0.0,0.3,27.04,0.0
2.0,"2019-08-10 00:50:59.000000","2019-08-10 00:59:11.000000",1.0,5.59,1.0,N,132.0,180.0,2.0,16.5,0.5,0.5,0.0,0.0,0.3,17.8,0.0
2.0,"2019-08-10 00:44:56.000000","2019-08-10 01:11:13.000000",1.0,9.7,2.0,N,138.0,180.0,1.0,52.0,0.0,0.5,2.0,0.0,0.3,57.3,2.5
2.0,"2019-08-10 01:08:57.000000","2019-08-10 01:46:18.000000",6.0,12.99,1.0,N,90.0,180.0,1.0,39.0,0.5,0.5,0.0,6.12,0.3,48.92,2.5
2.0,"2019-08-10 01:58:29.000000","2019-08-10 02:25:18.000000",2.0,15.79,1.0,N,107.0,180.0,1.0,43.5,0.5,0.5,10.68,6.12,0.3,64.1,2.5
2.0,"2019-08-10 06:03:58.000000","2019-08-10 06:12:16.000000",6.0,5.12,1.0,N,132.0,180.0,2.0,15.5,0.0,0.5,0.0,0.0,0.3,16.3,0.0
2.0,"2019-08-10 07:37:32.000000","2019-08-10 07:39:42.000000",2.0,0.56,1.0,N,258.0,180.0,1.0,4.0,0.0,0.5,0.96,0.0,0.3,5.76,0.0
2.0,"2019-08-10 07:18:08.000000","2019-08-10 07:29:57.000000",1.0,4.93,1.0,N,132.0,180.0,2.0,16.0,0.0,0.5,0.0,0.0,0.3,16.8,0.0
2.0,"2019-08-10 09:20:51.000000","2019-08-10 09:49:54.000000",1.0,9.97,1.0,N,138.0,180.0,1.0,31.5,0.0,0.5,6.46,0.0,0.3,38.76,0.0
2.0,"2019-08-10 11:37:55.000000","2019-08-10 12:04:56.000000",1.0,10.32,1.0,N,138.0,180.0,2.0,31.0,0.0,0.5,0.0,0.0,0.3,31.8,0.0
2.0,"2019-08-10 11:51:35.000000","2019-08-10 12:03:27.000000",1.0,5.01,1.0,N,132.0,180.0,2.0,16.0,0.0,0.5,0.0,0.0,0.3,16.8,0.0
2.0,"2019-08-10 11:56:36.000000","2019-08-10 12:55:53.000000",1.0,15.1,1.0,N,68.0,180.0,2.0,49.5,0.0,0.5,0.0,6.12,0.3,58.92,2.5
2.0,"2019-08-10 12:44:11.000000","2019-08-10 13:22:49.000000",1.0,11.94,1.0,N,107.0,180.0,1.0,38.5,0.0,0.5,9.58,6.12,0.3,57.5,2.5
2.0,"2019-08-10 12:21:12.000000","2019-08-10 12:41:10.000000",2.0,5.62,1.0,N,132.0,180.0,2.0,20.5,0.0,0.5,0.0,0.0,0.3,21.3,0.0
1.0,"2019-08-10 13:56:55.000000","2019-08-10 14:29:24.000000",1.0,0.0,1.0,N,226.0,180.0,1.0,28.2,0.0,0.5,0.0,0.0,0.3,29.0,0.0
2.0,"2019-08-10 14:34:45.000000","2019-08-10 14:51:14.000000",1.0,5.47,1.0,N,132.0,180.0,2.0,18.5,0.0,0.5,0.0,0.0,0.3,19.3,0.0
2.0,"2019-08-10 15:57:23.000000","2019-08-10 16:12:09.000000",1.0,6.62,1.0,N,132.0,180.0,2.0,20.5,0.0,0.5,0.0,0.0,0.3,21.3,0.0
2.0,"2019-08-10 15:40:55.000000","2019-08-10 16:12:24.000000",1.0,5.56,1.0,N,215.0,180.0,2.0,25.0,0.0,0.5,0.0,0.0,0.3,25.8,0.0
2.0,"2019-08-10 15:44:54.000000","2019-08-10 16:08:41.000000",1.0,5.68,1.0,N,215.0,180.0,2.0,20.5,0.0,0.5,0.0,0.0,0.3,21.3,0.0
1.0,"2019-08-10 15:50:32.000000","2019-08-10 16:41:04.000000",2.0,11.5,1.0,N,186.0,180.0,1.0,42.0,2.5,0.5,10.25,6.12,0.3,61.67,2.5
2.0,"2019-08-10 16:37:42.000000","2019-08-10 16:45:07.000000",3.0,1.46,1.0,N,63.0,180.0,1.0,7.5,0.0,0.5,0.0,0.0,0.3,8.3,0.0
2.0,"2019-08-10 16:38:35.000000","2019-08-10 17:06:45.000000",2.0,5.43,1.0,N,196.0,180.0,2.0,22.0,0.0,0.5,0.0,0.0,0.3,22.8,0.0
2.0,"2019-08-10 17:05:02.000000","2019-08-10 17:33:52.000000",1.0,8.5,1.0,N,132.0,180.0,1.0,28.5,0.0,0.5,0.0,0.0,0.3,29.3,0.0
2.0,"2019-08-10 17:05:28.000000","2019-08-10 17:21:04.000000",1.0,5.34,1.0,N,132.0,180.0,2.0,18.0,0.0,0.5,0.0,0.0,0.3,18.8,0.0
2.0,"2019-08-10 21:25:15.000000","2019-08-10 21:44:13.000000",1.0,5.52,1.0,N,132.0,180.0,1.0,18.5,0.5,0.5,3.96,0.0,0.3,23.76,0.0
1.0,"2019-08-10 22:46:05.000000","2019-08-10 23:03:31.000000",3.0,5.7,1.0,N,132.0,180.0,2.0,19.5,0.5,0.5,0.0,0.0,0.3,20.8,0.0
1.0,"2019-08-10 22:56:36.000000","2019-08-10 23:32:19.000000",1.0,11.5,1.0,N,148.0,180.0,2.0,36.5,3.0,0.5,0.0,0.0,0.3,40.3,2.5
2.0,"2019-08-10 23:21:19.000000","2019-08-11 00:04:23.000000",1.0,12.33,1.0,N,263.0,180.0,2.0,40.5,0.5,0.5,0.0,0.0,0.3,44.3,2.5
2.0,"2019-08-10 23:59:33.000000","2019-08-11 00:34:50.000000",2.0,16.91,1.0,N,164.0,180.0,2.0,47.0,0.5,0.5,0.0,6.12,0.3,56.92,2.5
2.0,"2019-08-10 23:18:38.000000","2019-08-10 23:35:12.000000",1.0,6.04,1.0,N,132.0,180.0,2.0,20.0,0.5,0.5,0.0,0.0,0.3,21.3,0.0
2.0,"2019-08-11 00:46:23.000000","2019-08-11 01:09:20.000000",1.0,7.06,1.0,N,260.0,180.0,2.0,23.0,0.5,0.5,0.0,0.0,0.3,24.3,0.0
2.0,"2019-08-11 01:37:31.000000","2019-08-11 01:48:06.000000",1.0,6.19,1.0,N,132.0,180.0,2.0,18.0,0.5,0.5,0.0,0.0,0.3,19.3,0.0
2.0,"2019-08-11 06:15:44.000000","2019-08-11 06:26:31.000000",1.0,5.54,1.0,N,132.0,180.0,1.0,17.0,0.0,0.5,3.56,0.0,0.3,21.36,0.0
2.0,"2019-08-11 07:24:38.000000","2019-08-11 07:34:51.000000",2.0,5.32,1.0,N,132.0,180.0,2.0,16.0,0.0,0.5,0.0,0.0,0.3,16.8,0.0
2.0,"2019-08-11 08:20:37.000000","2019-08-11 08:30:13.000000",1.0,6.12,1.0,N,132.0,180.0,2.0,18.0,0.0,0.5,0.0,0.0,0.3,18.8,0.0
1.0,"2019-08-11 09:55:51.000000","2019-08-11 10:10:16.000000",3.0,5.7,1.0,N,132.0,180.0,2.0,18.0,0.0,0.5,0.0,0.0,0.3,18.8,0.0
2.0,"2019-08-11 10:54:08.000000","2019-08-11 11:13:09.000000",1.0,6.97,1.0,N,132.0,180.0,2.0,22.5,0.0,0.5,0.0,0.0,0.3,23.3,0.0
2.0,"2019-08-11 10:32:26.000000","2019-08-11 10:45:11.000000",2.0,6.34,1.0,N,132.0,180.0,2.0,19.0,0.0,0.5,0.0,0.0,0.3,19.8,0.0
2.0,"2019-08-11 12:45:33.000000","2019-08-11 13:17:34.000000",1.0,10.88,1.0,N,138.0,180.0,2.0,33.0,0.0,0.5,0.0,0.0,0.3,33.8,0.0
1.0,"2019-08-11 13:46:59.000000","2019-08-11 14:08:53.000000",3.0,4.1,1.0,N,198.0,180.0,1.0,16.5,0.0,0.5,0.0,0.0,0.3,17.3,0.0
2.0,"2019-08-11 15:38:15.000000","2019-08-11 15:53:07.000000",6.0,5.59,1.0,N,132.0,180.0,1.0,18.5,0.0,0.5,3.86,0.0,0.3,23.16,0.0
1.0,"2019-08-11 16:19:58.000000","2019-08-11 16:36:39.000000",3.0,6.1,1.0,N,132.0,180.0,2.0,19.5,0.0,0.5,0.0,0.0,0.3,20.3,0.0
1.0,"2019-08-11 16:40:43.000000","2019-08-11 17:11:20.000000",1.0,10.2,1.0,N,138.0,180.0,1.0,33.0,0.0,0.5,6.75,0.0,0.3,40.55,0.0
2.0,"2019-08-11 18:41:06.000000","2019-08-11 18:47:21.000000",1.0,1.17,1.0,N,216.0,180.0,2.0,6.5,0.0,0.5,0.0,0.0,0.3,7.3,0.0
2.0,"2019-08-11 19:41:15.000000","2019-08-11 19:54:23.000000",2.0,5.02,1.0,N,132.0,180.0,1.0,16.5,0.0,0.5,4.32,0.0,0.3,21.62,0.0
1.0,"2019-08-11 20:50:06.000000","2019-08-11 21:06:47.000000",1.0,5.9,1.0,N,132.0,180.0,1.0,19.0,0.5,0.5,0.0,0.0,0.3,20.3,0.0
1.0,"2019-08-11 22:29:11.000000","2019-08-11 23:00:27.000000",1.0,10.1,1.0,N,138.0,180.0,2.0,32.5,0.5,0.5,0.0,0.0,0.3,33.8,0.0
2.0,"2019-08-11 22:58:20.000000","2019-08-11 23:09:47.000000",2.0,5.89,1.0,N,132.0,180.0,1.0,17.5,0.5,0.5,2.0,0.0,0.3,20.8,0.0
2.0,"2019-08-11 23:39:25.000000","2019-08-11 23:50:23.000000",2.0,6.07,1.0,N,132.0,180.0,2.0,18.0,0.5,0.5,0.0,0.0,0.3,19.3,0.0
2.0,"2019-08-11 23:37:58.000000","2019-08-11 23:50:27.000000",1.0,6.1,1.0,N,132.0,180.0,2.0,18.0,0.5,0.5,0.0,0.0,0.3,19.3,0.0
2.0,"2019-08-12 00:15:06.000000","2019-08-12 00:25:42.000000",1.0,4.95,1.0,N,132.0,180.0,2.0,15.5,0.5,0.5,0.0,0.0,0.3,16.8,0.0
2.0,"2019-08-12 00:32:20.000000","2019-08-12 00:48:48.000000",5.0,4.0,1.0,N,130.0,180.0,1.0,15.0,0.5,0.5,3.26,0.0,0.3,19.56,0.0
2.0,"2019-08-12 01:32:36.000000","2019-08-12 01:43:56.000000",1.0,6.17,1.0,N,132.0,180.0,2.0,18.0,0.5,0.5,0.0,0.0,0.3,19.3,0.0
1.0,"2019-08-12 01:54:46.000000","2019-08-12 01:55:26.000000",1.0,0.0,5.0,N,180.0,180.0,1.0,375.0,0.0,0.0,0.0,0.0,0.3,375.3,0.0
1.0,"2019-08-12 01:57:11.000000","2019-08-12 01:57:29.000000",1.0,0.0,5.0,N,180.0,180.0,1.0,320.0,0.0,0.0,20.0,0.0,0.3,340.3,0.0
1.0,"2019-08-12 01:58:56.000000","2019-08-12 01:59:15.000000",1.0,0.0,5.0,N,180.0,180.0,1.0,300.0,0.0,0.0,0.0,0.0,0.3,300.3,0.0
2.0,"2019-08-12 01:01:46.000000","2019-08-12 01:14:42.000000",2.0,5.92,1.0,N,132.0,180.0,2.0,18.5,0.5,0.5,0.0,0.0,0.3,19.8,0.0
1.0,"2019-08-12 02:26:52.000000","2019-08-12 02:40:27.000000",1.0,6.0,1.0,N,132.0,180.0,1.0,19.0,0.5,0.5,2.0,0.0,0.3,22.3,0.0
1.0,"2019-08-12 04:22:41.000000","2019-08-12 05:35:07.000000",2.0,18.5,1.0,N,48.0,180.0,2.0,67.5,3.0,0.5,0.0,0.0,0.3,71.3,2.5
2.0,"2019-08-12 06:27:35.000000","2019-08-12 06:39:22.000000",1.0,5.82,1.0,N,132.0,180.0,2.0,17.5,0.0,0.5,0.0,0.0,0.3,18.3,0.0
2.0,"2019-08-12 07:38:27.000000","2019-08-12 07:52:38.000000",1.0,6.28,1.0,N,132.0,180.0,1.0,19.5,0.0,0.5,4.06,0.0,0.3,24.36,0.0
1.0,"2019-08-12 08:19:49.000000","2019-08-12 08:44:45.000000",2.0,7.6,1.0,N,132.0,180.0,2.0,24.5,0.0,0.5,0.0,0.0,0.3,25.3,0.0
2.0,"2019-08-12 09:37:48.000000","2019-08-12 09:53:54.000000",3.0,6.2,1.0,N,132.0,180.0,2.0,19.5,0.0,0.5,0.0,0.0,0.3,20.3,0.0
2.0,"2019-08-12 09:35:23.000000","2019-08-12 09:50:41.000000",3.0,6.2,1.0,N,132.0,180.0,2.0,19.5,0.0,0.5,0.0,0.0,0.3,20.3,0.0
2.0,"2019-08-12 09:35:36.000000","2019-08-12 09:46:12.000000",1.0,0.0,1.0,N,132.0,180.0,2.0,7.5,0.0,0.5,0.0,0.0,0.3,8.3,0.0
1.0,"2019-08-12 10:07:57.000000","2019-08-12 10:23:31.000000",3.0,5.6,1.0,N,132.0,180.0,2.0,17.5,0.0,0.5,0.0,0.0,0.3,18.3,0.0
2.0,"2019-08-12 11:39:41.000000","2019-08-12 11:56:13.000000",2.0,4.57,1.0,N,132.0,180.0,1.0,17.0,0.0,0.5,5.34,0.0,0.3,23.14,0.0
1.0,"2019-08-12 12:28:29.000000","2019-08-12 13:15:44.000000",1.0,0.0,1.0,N,140.0,180.0,1.0,32.2,0.0,0.5,0.0,0.0,0.3,33.0,0.0
1.0,"2019-08-12 13:04:16.000000","2019-08-12 13:16:19.000000",0.0,2.7,1.0,N,76.0,180.0,1.0,11.5,0.0,0.5,0.0,0.0,0.3,12.3,0.0
1.0,"2019-08-12 13:51:17.000000","2019-08-12 14:10:06.000000",2.0,4.9,1.0,N,132.0,180.0,2.0,17.5,0.0,0.5,0.0,0.0,0.3,18.3,0.0
2.0,"2019-08-12 13:29:37.000000","2019-08-12 13:47:39.000000",1.0,5.97,1.0,N,132.0,180.0,1.0,19.5,0.0,0.5,1.02,0.0,0.3,21.32,0.0
1.0,"2019-08-12 14:54:11.000000","2019-08-12 15:39:42.000000",1.0,15.8,2.0,N,13.0,180.0,1.0,52.0,2.5,0.5,12.0,6.12,0.3,73.42,2.5
2.0,"2019-08-12 15:53:05.000000","2019-08-12 16:41:55.000000",3.0,9.41,1.0,N,138.0,180.0,2.0,37.0,0.0,0.5,0.0,0.0,0.3,37.8,0.0
2.0,"2019-08-12 15:13:01.000000","2019-08-12 15:36:06.000000",1.0,4.64,1.0,N,219.0,180.0,1.0,19.0,0.0,0.5,1.0,0.0,0.3,20.8,0.0
1.0,"2019-08-12 18:35:09.000000","2019-08-12 19:06:19.000000",2.0,11.0,1.0,N,138.0,180.0,2.0,33.5,1.0,0.5,0.0,0.0,0.3,35.3,0.0
2.0,"2019-08-12 18:54:27.000000","2019-08-12 19:10:24.000000",5.0,6.27,1.0,N,132.0,180.0,2.0,19.5,1.0,0.5,0.0,0.0,0.3,21.3,0.0
2.0,"2019-08-12 19:26:53.000000","2019-08-12 19:56:32.000000",1.0,11.12,1.0,N,161.0,180.0,2.0,34.0,1.0,0.5,0.0,6.12,0.3,44.42,2.5
1.0,"2019-08-12 19:08:14.000000","2019-08-12 19:24:36.000000",1.0,5.5,1.0,N,132.0,180.0,4.0,18.0,1.0,0.5,0.0,0.0,0.3,19.8,0.0
2.0,"2019-08-12 20:13:08.000000","2019-08-12 20:31:40.000000",1.0,6.01,1.0,N,132.0,180.0,2.0,20.0,0.5,0.5,0.0,0.0,0.3,21.3,0.0
2.0,"2019-08-12 23:29:45.000000","2019-08-12 23:52:45.000000",3.0,13.16,1.0,N,138.0,180.0,1.0,36.0,0.5,0.5,2.0,0.0,0.3,39.3,0.0
2.0,"2019-08-12 23:27:59.000000","2019-08-12 23:39:41.000000",1.0,6.43,1.0,N,132.0,180.0,2.0,19.5,0.5,0.5,0.0,0.0,0.3,20.8,0.0
2.0,"2019-08-12 23:28:22.000000","2019-08-12 23:40:04.000000",1.0,6.73,1.0,N,264.0,180.0,1.0,19.5,0.5,0.5,4.16,0.0,0.3,24.96,0.0
2.0,"2019-08-12 23:16:46.000000","2019-08-12 23:26:54.000000",1.0,5.94,1.0,N,132.0,180.0,1.0,17.5,0.5,0.5,3.76,0.0,0.3,22.56,0.0
2.0,"2019-08-13 00:27:44.000000","2019-08-13 00:45:56.000000",1.0,6.19,1.0,N,132.0,180.0,2.0,20.5,0.5,0.5,0.0,0.0,0.3,21.8,0.0
2.0,"2019-08-13 05:22:33.000000","2019-08-13 05:33:27.000000",2.0,5.66,1.0,N,132.0,180.0,2.0,17.5,0.5,0.5,0.0,0.0,0.3,18.8,0.0
1.0,"2019-08-13 06:13:01.000000","2019-08-13 06:30:16.000000",4.0,5.6,1.0,N,132.0,180.0,2.0,19.0,0.0,0.5,0.0,0.0,0.3,19.8,0.0
1.0,"2019-08-13 08:56:20.000000","2019-08-13 09:02:30.000000",2.0,1.5,1.0,N,124.0,180.0,1.0,7.0,0.0,0.5,0.0,0.0,0.3,7.8,0.0
2.0,"2019-08-13 08:45:40.000000","2019-08-13 08:46:35.000000",1.0,0.03,1.0,N,180.0,180.0,2.0,2.5,0.0,0.5,0.0,0.0,0.3,3.3,0.0
1.0,"2019-08-13 08:47:30.000000","2019-08-13 08:59:11.000000",1.0,1.6,1.0,N,124.0,180.0,1.0,10.0,0.0,0.5,0.0,0.0,0.3,10.8,0.0
2.0,"2019-08-13 09:01:40.000000","2019-08-13 09:16:44.000000",1.0,6.36,1.0,N,132.0,180.0,2.0,19.0,0.0,0.5,0.0,0.0,0.3,19.8,0.0
1.0,"2019-08-13 10:51:51.000000","2019-08-13 11:10:38.000000",2.0,6.2,1.0,N,132.0,180.0,2.0,20.5,0.0,0.5,0.0,0.0,0.3,21.3,0.0
1.0,"2019-08-13 12:21:23.000000","2019-08-13 12:52:26.000000",1.0,0.0,1.0,N,49.0,180.0,1.0,22.2,0.0,0.5,0.0,0.0,0.3,23.0,0.0
1.0,"2019-08-13 14:06:46.000000","2019-08-13 14:22:06.000000",1.0,5.5,1.0,N,132.0,180.0,1.0,18.5,0.0,0.5,3.85,0.0,0.3,23.15,0.0
2.0,"2019-08-13 13:56:48.000000","2019-08-13 14:10:20.000000",1.0,5.18,1.0,N,132.0,180.0,2.0,16.5,0.0,0.5,0.0,0.0,0.3,17.3,0.0
1.0,"2019-08-13 15:47:30.000000","2019-08-13 15:58:16.000000",1.0,6.3,1.0,N,132.0,180.0,2.0,18.5,1.0,0.5,0.0,0.0,0.3,20.3,0.0
1.0,"2019-08-13 16:49:52.000000","2019-08-13 17:05:34.000000",2.0,5.4,1.0,N,132.0,180.0,1.0,18.0,1.0,0.5,0.0,0.0,0.3,19.8,0.0
2.0,"2019-08-13 16:55:54.000000","2019-08-13 17:11:29.000000",1.0,5.5,1.0,N,132.0,180.0,2.0,18.5,1.0,0.5,0.0,0.0,0.3,20.3,0.0
2.0,"2019-08-13 16:49:31.000000","2019-08-13 17:03:45.000000",1.0,3.19,1.0,N,76.0,180.0,1.0,12.5,1.0,0.5,0.0,0.0,0.3,14.3,0.0
1.0,"2019-08-13 18:09:40.000000","2019-08-13 18:26:07.000000",3.0,6.3,1.0,N,132.0,180.0,2.0,19.5,1.0,0.5,0.0,0.0,0.3,21.3,0.0
2.0,"2019-08-13 18:34:31.000000","2019-08-13 18:49:24.000000",1.0,5.53,1.0,N,132.0,180.0,1.0,18.0,1.0,0.5,3.96,0.0,0.3,23.76,0.0
2.0,"2019-08-13 19:41:11.000000","2019-08-13 19:51:50.000000",1.0,4.94,1.0,N,132.0,180.0,1.0,15.5,1.0,0.5,3.46,0.0,0.3,20.76,0.0
2.0,"2019-08-13 19:58:28.000000","2019-08-13 20:08:37.000000",1.0,5.8,1.0,N,132.0,180.0,2.0,17.0,1.0,0.5,0.0,0.0,0.3,18.8,0.0
1.0,"2019-08-13 20:38:15.000000","2019-08-13 21:07:21.000000",1.0,10.8,1.0,N,137.0,180.0,1.0,32.5,3.0,0.5,5.0,6.12,0.3,47.42,2.5
1.0,"2019-08-13 22:12:23.000000","2019-08-13 22:37:24.000000",1.0,12.7,1.0,N,138.0,180.0,2.0,36.5,0.5,0.5,0.0,0.0,0.3,37.8,0.0
2.0,"2019-08-14 00:05:07.000000","2019-08-14 00:17:40.000000",1.0,5.81,1.0,N,132.0,180.0,2.0,18.0,0.5,0.5,0.0,0.0,0.3,19.3,0.0
2.0,"2019-08-14 01:00:13.000000","2019-08-14 01:10:41.000000",1.0,4.85,1.0,N,132.0,180.0,2.0,15.5,0.5,0.5,0.0,0.0,0.3,16.8,0.0
2.0,"2019-08-14 02:03:28.000000","2019-08-14 02:16:07.000000",5.0,5.45,1.0,N,132.0,180.0,2.0,17.5,0.5,0.5,0.0,0.0,0.3,18.8,0.0
1.0,"2019-08-14 04:08:02.000000","2019-08-14 04:17:48.000000",2.0,5.4,1.0,Y,132.0,180.0,2.0,16.5,0.5,0.5,0.0,0.0,0.3,17.8,0.0
2.0,"2019-08-14 04:07:30.000000","2019-08-14 04:21:50.000000",2.0,6.51,1.0,N,132.0,180.0,2.0,20.0,0.5,0.5,0.0,0.0,0.3,21.3,0.0
1.0,"2019-08-14 05:28:44.000000","2019-08-14 06:03:14.000000",1.0,16.7,1.0,N,140.0,180.0,4.0,47.0,3.0,0.5,0.0,6.12,0.3,56.92,2.5
2.0,"2019-08-14 05:53:24.000000","2019-08-14 06:04:57.000000",1.0,5.44,1.0,N,132.0,180.0,2.0,17.0,0.5,0.5,0.0,0.0,0.3,18.3,0.0
2.0,"2019-08-14 05:40:09.000000","2019-08-14 05:48:46.000000",3.0,4.9,1.0,N,132.0,180.0,1.0,15.0,0.5,0.5,3.26,0.0,0.3,19.56,0.0
2.0,"2019-08-14 06:52:42.000000","2019-08-14 07:41:16.000000",2.0,12.44,1.0,N,100.0,180.0,2.0,43.5,0.0,0.5,0.0,6.12,0.3,52.92,2.5
2.0,"2019-08-14 05:58:55.000000","2019-08-14 06:12:18.000000",1.0,6.28,1.0,N,132.0,180.0,1.0,19.0,0.0,0.5,3.96,0.0,0.3,23.76,0.0
2.0,"2019-08-14 08:13:23.000000","2019-08-14 08:13:37.000000",1.0,0.0,1.0,N,180.0,180.0,2.0,2.5,0.0,0.5,0.0,0.0,0.3,3.3,0.0
1.0,"2019-08-14 10:24:37.000000","2019-08-14 10:35:59.000000",2.0,5.0,1.0,N,132.0,180.0,2.0,16.0,0.0,0.5,0.0,0.0,0.3,16.8,0.0
1.0,"2019-08-14 10:46:38.000000","2019-08-14 11:17:44.000000",1.0,0.0,1.0,N,91.0,180.0,1.0,24.2,0.0,0.5,0.0,0.0,0.3,25.0,0.0
2.0,"2019-08-14 10:26:26.000000","2019-08-14 10:47:22.000000",1.0,6.22,1.0,N,132.0,180.0,2.0,21.0,0.0,0.5,0.0,0.0,0.3,21.8,0.0
2.0,"2019-08-14 13:26:57.000000","2019-08-14 13:41:49.000000",1.0,4.55,1.0,N,132.0,180.0,2.0,15.5,0.0,0.5,0.0,0.0,0.3,16.3,0.0
1.0,"2019-08-14 13:40:16.000000","2019-08-14 13:54:17.000000",2.0,5.0,1.0,N,132.0,180.0,2.0,16.5,0.0,0.5,0.0,0.0,0.3,17.3,0.0
2.0,"2019-08-14 13:57:14.000000","2019-08-14 14:13:12.000000",1.0,6.72,1.0,N,132.0,180.0,1.0,21.0,0.0,0.5,4.36,0.0,0.3,26.16,0.0
2.0,"2019-08-14 16:18:20.000000","2019-08-14 17:18:45.000000",1.0,12.87,1.0,N,141.0,180.0,2.0,44.0,1.0,0.5,0.0,6.12,0.3,54.42,2.5
2.0,"2019-08-14 17:50:39.000000","2019-08-15 17:34:10.000000",2.0,7.43,1.0,N,132.0,180.0,2.0,31.5,1.0,0.5,0.0,0.0,0.3,33.3,0.0
1.0,"2019-08-14 19:34:50.000000","2019-08-14 19:53:02.000000",0.0,5.1,1.0,N,132.0,180.0,2.0,17.5,1.0,0.5,0.0,0.0,0.3,19.3,0.0
2.0,"2019-08-14 19:40:51.000000","2019-08-14 19:55:00.000000",1.0,5.29,1.0,N,132.0,180.0,2.0,17.5,1.0,0.5,0.0,0.0,0.3,19.3,0.0
2.0,"2019-08-14 19:23:00.000000","2019-08-14 19:45:37.000000",1.0,6.2,1.0,N,132.0,180.0,2.0,22.5,1.0,0.5,0.0,0.0,0.3,24.3,0.0
1.0,"2019-08-14 20:28:41.000000","2019-08-14 20:39:15.000000",2.0,4.5,1.0,N,132.0,180.0,1.0,15.0,0.5,0.5,3.25,0.0,0.3,19.55,0.0
2.0,"2019-08-14 21:34:21.000000","2019-08-14 21:48:50.000000",1.0,5.71,1.0,N,132.0,180.0,2.0,18.0,0.5,0.5,0.0,0.0,0.3,19.3,0.0
2.0,"2019-08-14 21:40:11.000000","2019-08-14 22:21:50.000000",2.0,11.47,1.0,N,48.0,180.0,1.0,39.0,0.5,0.5,9.78,6.12,0.3,58.7,2.5
2.0,"2019-08-14 23:54:33.000000","2019-08-15 00:06:20.000000",1.0,2.7,1.0,N,102.0,180.0,2.0,11.5,0.5,0.5,0.0,0.0,0.3,12.8,0.0
2.0,"2019-08-15 00:26:38.000000","2019-08-15 00:34:58.000000",1.0,4.73,1.0,N,132.0,180.0,1.0,14.5,0.5,0.5,3.95,0.0,0.3,19.75,0.0
2.0,"2019-08-15 01:22:35.000000","2019-08-15 01:51:21.000000",1.0,12.47,1.0,N,234.0,180.0,1.0,36.5,0.5,0.5,11.6,6.12,0.3,58.02,2.5
2.0,"2019-08-15 03:39:59.000000","2019-08-15 04:19:41.000000",1.0,15.78,1.0,N,158.0,180.0,1.0,46.5,0.5,0.5,11.28,6.12,0.3,67.7,2.5
2.0,"2019-08-15 04:43:23.000000","2019-08-15 04:56:55.000000",1.0,5.38,1.0,N,132.0,180.0,2.0,18.5,0.5,0.5,0.0,0.0,0.3,19.8,0.0
2.0,"2019-08-15 08:48:11.000000","2019-08-15 09:02:07.000000",1.0,6.03,1.0,N,132.0,180.0,1.0,18.5,0.0,0.5,3.86,0.0,0.3,23.16,0.0
2.0,"2019-08-15 08:33:35.000000","2019-08-15 08:33:51.000000",1.0,0.16,1.0,N,180.0,180.0,2.0,2.5,0.0,0.5,0.0,0.0,0.3,3.3,0.0
2.0,"2019-08-15 13:53:51.000000","2019-08-15 14:10:28.000000",1.0,5.37,1.0,N,132.0,180.0,2.0,18.0,0.0,0.5,0.0,0.0,0.3,18.8,0.0
2.0,"2019-08-15 14:26:32.000000","2019-08-15 14:40:08.000000",1.0,6.25,1.0,N,132.0,180.0,2.0,19.0,0.0,0.5,0.0,0.0,0.3,19.8,0.0
2.0,"2019-08-15 15:55:52.000000","2019-08-15 16:26:29.000000",1.0,5.85,1.0,N,157.0,180.0,1.0,22.5,0.0,0.5,10.0,0.0,0.3,33.3,0.0
2.0,"2019-08-15 16:15:15.000000","2019-08-15 16:31:09.000000",5.0,6.57,1.0,N,132.0,180.0,1.0,20.5,1.0,0.5,4.46,0.0,0.3,26.76,0.0
2.0,"2019-08-15 18:26:42.000000","2019-08-15 18:48:20.000000",1.0,1.65,1.0,N,132.0,180.0,2.0,7.5,1.0,0.5,0.0,0.0,0.3,9.3,0.0
1.0,"2019-08-15 20:36:40.000000","2019-08-15 21:03:45.000000",1.0,6.6,1.0,N,260.0,180.0,2.0,23.0,0.5,0.5,0.0,0.0,0.3,24.3,0.0
2.0,"2019-08-15 21:00:56.000000","2019-08-15 21:15:03.000000",1.0,5.87,1.0,N,132.0,180.0,1.0,18.5,0.5,0.5,5.0,0.0,0.3,24.8,0.0
2.0,"2019-08-15 21:52:28.000000","2019-08-15 22:25:03.000000",2.0,11.58,1.0,N,161.0,180.0,1.0,35.5,0.5,0.5,11.36,6.12,0.3,56.78,2.5
2.0,"2019-08-15 22:36:01.000000","2019-08-15 23:16:29.000000",5.0,11.46,1.0,N,161.0,180.0,2.0,38.0,0.5,0.5,0.0,0.0,0.3,41.8,2.5
2.0,"2019-08-15 23:36:57.000000","2019-08-15 23:50:09.000000",1.0,5.19,1.0,N,132.0,180.0,1.0,17.0,0.5,0.5,4.58,0.0,0.3,22.88,0.0
1.0,"2019-08-15 23:47:41.000000","2019-08-16 00:29:38.000000",1.0,15.0,1.0,N,238.0,180.0,4.0,45.0,3.0,0.5,0.0,0.0,0.3,48.8,2.5
2.0,"2019-08-16 00:48:21.000000","2019-08-16 01:25:02.000000",1.0,13.03,1.0,N,246.0,180.0,2.0,39.5,0.5,0.5,0.0,6.12,0.3,49.42,2.5
2.0,"2019-08-16 01:05:33.000000","2019-08-16 01:27:04.000000",1.0,13.4,1.0,N,7.0,180.0,2.0,37.0,0.5,0.5,0.0,0.0,0.3,38.3,0.0
2.0,"2019-08-16 02:36:22.000000","2019-08-16 03:00:15.000000",6.0,10.96,1.0,N,229.0,180.0,1.0,31.5,0.5,0.5,5.0,0.0,0.3,40.3,2.5
2.0,"2019-08-16 06:14:55.000000","2019-08-16 06:28:49.000000",1.0,5.1,1.0,N,132.0,180.0,2.0,17.0,0.0,0.5,0.0,0.0,0.3,17.8,0.0
2.0,"2019-08-16 08:11:30.000000","2019-08-16 08:12:04.000000",1.0,0.09,1.0,N,180.0,180.0,2.0,2.5,0.0,0.5,0.0,0.0,0.3,3.3,0.0
2.0,"2019-08-16 09:03:29.000000","2019-08-16 09:42:08.000000",1.0,9.79,1.0,N,138.0,180.0,2.0,35.0,0.0,0.5,0.0,0.0,0.3,35.8,0.0
1.0,"2019-08-16 11:39:35.000000","2019-08-16 12:16:12.000000",1.0,12.7,1.0,N,138.0,180.0,1.0,38.0,0.0,0.5,5.0,0.0,0.3,43.8,0.0
2.0,"2019-08-16 11:01:46.000000","2019-08-16 11:47:59.000000",2.0,12.42,1.0,N,43.0,180.0,1.0,42.0,0.0,0.5,12.76,5.76,0.3,63.82,2.5
1.0,"2019-08-16 12:41:44.000000","2019-08-16 13:19:03.000000",1.0,12.0,1.0,N,138.0,180.0,2.0,38.0,0.0,0.5,0.0,0.0,0.3,38.8,0.0
1.0,"2019-08-16 12:27:07.000000","2019-08-16 12:59:23.000000",1.0,0.0,1.0,N,170.0,180.0,1.0,28.2,0.0,0.5,0.0,6.12,0.3,35.12,0.0
1.0,"2019-08-16 13:07:12.000000","2019-08-16 13:27:09.000000",2.0,6.4,1.0,Y,132.0,180.0,2.0,22.0,0.0,0.5,0.0,0.0,0.3,22.8,0.0
1.0,"2019-08-16 13:40:53.000000","2019-08-16 13:53:28.000000",1.0,6.1,1.0,N,132.0,180.0,2.0,18.5,0.0,0.5,0.0,0.0,0.3,19.3,0.0
2.0,"2019-08-16 15:25:06.000000","2019-08-16 15:44:11.000000",5.0,6.37,1.0,N,132.0,180.0,1.0,20.5,0.0,0.5,4.26,0.0,0.3,25.56,0.0
2.0,"2019-08-16 17:13:10.000000","2019-08-16 17:31:36.000000",2.0,6.93,1.0,N,132.0,180.0,2.0,22.0,1.0,0.5,0.0,0.0,0.3,23.8,0.0
1.0,"2019-08-16 18:16:30.000000","2019-08-16 18:34:11.000000",1.0,5.5,1.0,N,132.0,180.0,1.0,18.0,1.0,0.5,4.95,0.0,0.3,24.75,0.0
1.0,"2019-08-16 20:29:36.000000","2019-08-16 20:50:08.000000",4.0,6.8,1.0,N,132.0,180.0,2.0,22.0,0.5,0.5,0.0,0.0,0.3,23.3,0.0
2.0,"2019-08-16 20:46:23.000000","2019-08-16 21:19:26.000000",1.0,11.39,1.0,N,100.0,180.0,1.0,35.5,0.5,0.5,9.08,6.12,0.3,54.5,2.5
2.0,"2019-08-16 21:27:13.000000","2019-08-16 21:41:01.000000",1.0,5.94,1.0,N,132.0,180.0,2.0,18.5,0.5,0.5,0.0,0.0,0.3,19.8,0.0
2.0,"2019-08-16 21:36:07.000000","2019-08-16 21:48:47.000000",1.0,6.09,1.0,N,132.0,180.0,1.0,18.0,0.5,0.5,3.86,0.0,0.3,23.16,0.0
2.0,"2019-08-16 22:48:13.000000","2019-08-16 23:56:46.000000",1.0,15.1,1.0,N,48.0,180.0,2.0,54.0,0.5,0.5,0.0,0.0,0.3,57.8,2.5
2.0,"2019-08-16 22:52:00.000000","2019-08-16 23:06:58.000000",1.0,6.79,1.0,N,132.0,180.0,1.0,21.0,0.5,0.5,6.0,0.0,0.3,28.3,0.0
2.0,"2019-08-16 23:20:16.000000","2019-08-17 00:00:12.000000",1.0,10.85,1.0,N,138.0,180.0,2.0,37.0,0.5,0.5,0.0,0.0,0.3,38.3,0.0
2.0,"2019-08-16 23:39:49.000000","2019-08-16 23:49:50.000000",2.0,6.13,1.0,N,132.0,180.0,2.0,17.5,0.5,0.5,0.0,0.0,0.3,18.8,0.0
1.0,"2019-08-16 23:32:50.000000","2019-08-16 23:44:26.000000",0.0,5.6,1.0,N,132.0,180.0,1.0,17.0,0.5,0.5,5.0,0.0,0.3,23.3,0.0
1.0,"2019-08-17 00:17:29.000000","2019-08-17 00:45:35.000000",2.0,10.3,1.0,N,138.0,180.0,1.0,32.5,0.5,0.5,0.0,0.0,0.3,33.8,0.0
2.0,"2019-08-17 00:05:16.000000","2019-08-17 00:26:28.000000",1.0,5.83,1.0,N,36.0,180.0,2.0,20.0,0.5,0.5,0.0,0.0,0.3,21.3,0.0
1.0,"2019-08-17 01:12:57.000000","2019-08-17 02:04:51.000000",1.0,19.6,1.0,N,142.0,180.0,2.0,59.5,3.0,0.5,0.0,6.12,0.3,69.42,2.5
2.0,"2019-08-17 01:54:37.000000","2019-08-17 02:22:03.000000",5.0,11.45,1.0,N,162.0,180.0,2.0,34.0,0.5,0.5,0.0,0.0,0.3,37.8,2.5
1.0,"2019-08-17 01:06:22.000000","2019-08-17 01:17:41.000000",1.0,5.6,1.0,N,132.0,180.0,1.0,17.5,0.5,0.5,0.94,0.0,0.3,19.74,0.0
2.0,"2019-08-17 05:52:55.000000","2019-08-17 06:03:12.000000",1.0,5.81,1.0,N,132.0,180.0,1.0,17.5,0.5,0.5,4.7,0.0,0.3,23.5,0.0
1.0,"2019-08-17 09:12:32.000000","2019-08-17 09:29:22.000000",2.0,6.7,1.0,N,132.0,180.0,2.0,21.0,0.0,0.5,0.0,0.0,0.3,21.8,0.0
1.0,"2019-08-17 10:19:20.000000","2019-08-17 10:33:42.000000",2.0,6.3,1.0,N,132.0,180.0,2.0,18.5,0.0,0.5,0.0,0.0,0.3,19.3,0.0
2.0,"2019-08-17 13:18:58.000000","2019-08-17 14:06:18.000000",5.0,11.06,1.0,N,138.0,180.0,2.0,40.0,0.0,0.5,0.0,0.0,0.3,40.8,0.0
1.0,"2019-08-17 13:03:34.000000","2019-08-17 13:46:13.000000",1.0,12.3,2.0,N,230.0,180.0,1.0,52.0,2.5,0.5,20.0,6.12,0.3,81.42,2.5
2.0,"2019-08-17 13:01:24.000000","2019-08-17 13:14:28.000000",1.0,4.85,1.0,N,132.0,180.0,2.0,15.5,0.0,0.5,0.0,0.0,0.3,16.3,0.0
2.0,"2019-08-17 14:43:07.000000","2019-08-17 14:55:59.000000",2.0,5.49,1.0,N,132.0,180.0,2.0,17.5,0.0,0.5,0.0,0.0,0.3,18.3,0.0
1.0,"2019-08-17 14:42:38.000000","2019-08-17 15:25:55.000000",2.0,10.9,1.0,N,164.0,180.0,2.0,38.0,2.5,0.5,0.0,6.12,0.3,47.42,2.5
2.0,"2019-08-17 15:41:09.000000","2019-08-17 15:56:10.000000",2.0,6.68,1.0,N,132.0,180.0,2.0,19.5,0.0,0.5,0.0,0.0,0.3,20.3,0.0
2.0,"2019-08-17 14:43:28.000000","2019-08-17 14:56:51.000000",2.0,6.43,1.0,N,132.0,180.0,2.0,19.5,0.0,0.5,0.0,0.0,0.3,20.3,0.0
1.0,"2019-08-17 16:31:11.000000","2019-08-17 16:43:47.000000",3.0,6.0,1.0,N,132.0,180.0,2.0,18.0,0.0,0.5,0.0,0.0,0.3,18.8,0.0
2.0,"2019-08-17 16:03:16.000000","2019-08-17 16:45:26.000000",1.0,8.62,1.0,N,226.0,180.0,1.0,31.5,0.0,0.5,9.69,0.0,0.3,41.99,0.0
2.0,"2019-08-17 16:28:55.000000","2019-08-17 16:44:23.000000",1.0,6.27,1.0,N,264.0,180.0,2.0,19.5,0.0,0.5,0.0,0.0,0.3,20.3,0.0
2.0,"2019-08-17 17:05:06.000000","2019-08-17 17:16:18.000000",1.0,6.15,1.0,N,132.0,180.0,1.0,18.0,0.0,0.5,3.76,0.0,0.3,22.56,0.0
2.0,"2019-08-17 18:47:47.000000","2019-08-17 19:05:17.000000",2.0,6.51,1.0,N,132.0,180.0,1.0,19.5,0.0,0.5,0.0,0.0,0.3,20.3,0.0
2.0,"2019-08-17 19:04:04.000000","2019-08-17 19:16:35.000000",2.0,5.36,1.0,N,132.0,180.0,2.0,16.5,0.0,0.5,0.0,0.0,0.3,17.3,0.0
2.0,"2019-08-17 19:36:21.000000","2019-08-17 19:52:41.000000",1.0,6.7,1.0,N,132.0,180.0,2.0,20.5,0.0,0.5,0.0,0.0,0.3,21.3,0.0
2.0,"2019-08-17 19:58:53.000000","2019-08-17 20:16:23.000000",1.0,6.4,1.0,N,132.0,180.0,2.0,19.5,0.5,0.5,0.0,0.0,0.3,20.8,0.0
2.0,"2019-08-17 21:23:05.000000","2019-08-17 21:37:09.000000",1.0,4.79,1.0,N,132.0,180.0,2.0,16.0,0.5,0.5,0.0,0.0,0.3,17.3,0.0
1.0,"2019-08-17 21:33:14.000000","2019-08-17 21:54:55.000000",2.0,5.3,1.0,N,196.0,180.0,2.0,19.5,0.5,0.5,0.0,0.0,0.3,20.8,0.0
2.0,"2019-08-17 22:07:04.000000","2019-08-17 22:21:45.000000",1.0,6.42,1.0,N,132.0,180.0,1.0,19.0,0.5,0.5,4.06,0.0,0.3,24.36,0.0
1.0,"2019-08-17 23:17:48.000000","2019-08-17 23:32:41.000000",3.0,6.3,1.0,N,132.0,180.0,2.0,19.0,0.5,0.5,0.0,0.0,0.3,20.3,0.0
2.0,"2019-08-17 23:30:00.000000","2019-08-17 23:45:12.000000",1.0,6.77,1.0,N,132.0,180.0,1.0,20.0,0.5,0.5,0.01,0.0,0.3,21.31,0.0
2.0,"2019-08-18 01:47:09.000000","2019-08-18 02:01:19.000000",1.0,6.33,1.0,N,132.0,180.0,2.0,19.5,0.5,0.5,0.0,0.0,0.3,20.8,0.0
1.0,"2019-08-18 01:34:34.000000","2019-08-18 01:43:50.000000",1.0,6.1,1.0,N,132.0,180.0,2.0,18.0,0.5,0.5,0.0,0.0,0.3,19.3,0.0
2.0,"2019-08-18 06:46:32.000000","2019-08-18 06:57:11.000000",1.0,3.55,1.0,N,132.0,180.0,1.0,14.0,0.0,0.5,2.96,0.0,0.3,17.76,0.0
2.0,"2019-08-18 13:17:38.000000","2019-08-18 13:28:56.000000",1.0,5.84,1.0,N,132.0,180.0,2.0,17.5,0.0,0.5,0.0,0.0,0.3,18.3,0.0
2.0,"2019-08-18 15:11:54.000000","2019-08-18 15:29:16.000000",1.0,5.7,1.0,N,132.0,180.0,1.0,18.5,0.0,0.5,3.86,0.0,0.3,23.16,0.0
1.0,"2019-08-18 15:14:37.000000","2019-08-18 15:32:29.000000",1.0,5.7,1.0,N,132.0,180.0,2.0,19.5,0.0,0.5,0.0,0.0,0.3,20.3,0.0
2.0,"2019-08-18 18:52:45.000000","2019-08-18 19:12:41.000000",1.0,5.85,1.0,N,132.0,180.0,2.0,19.5,0.0,0.5,0.0,0.0,0.3,20.3,0.0
2.0,"2019-08-18 18:03:22.000000","2019-08-18 18:19:06.000000",1.0,5.84,1.0,N,132.0,180.0,2.0,18.0,0.0,0.5,0.0,0.0,0.3,18.8,0.0
1.0,"2019-08-18 19:49:15.000000","2019-08-18 20:08:21.000000",1.0,6.8,1.0,N,132.0,180.0,1.0,21.5,0.0,0.5,4.45,0.0,0.3,26.75,0.0
1.0,"2019-08-18 19:25:36.000000","2019-08-18 19:35:38.000000",1.0,2.0,1.0,N,216.0,180.0,1.0,9.5,0.0,0.5,0.0,0.0,0.3,10.3,0.0
2.0,"2019-08-18 19:20:12.000000","2019-08-18 19:38:00.000000",1.0,5.83,1.0,N,132.0,180.0,1.0,19.5,0.0,0.5,2.5,0.0,0.3,22.8,0.0
1.0,"2019-08-18 21:05:23.000000","2019-08-18 21:21:38.000000",3.0,5.5,1.0,N,132.0,180.0,2.0,18.0,0.5,0.5,0.0,0.0,0.3,19.3,0.0
2.0,"2019-08-18 21:45:02.000000","2019-08-18 22:14:17.000000",3.0,13.2,1.0,N,138.0,180.0,2.0,37.5,0.5,0.5,0.0,0.0,0.3,38.8,0.0
2.0,"2019-08-18 21:13:52.000000","2019-08-18 21:26:46.000000",2.0,5.75,1.0,N,132.0,180.0,2.0,17.5,0.5,0.5,0.0,0.0,0.3,18.8,0.0
1.0,"2019-08-19 00:45:01.000000","2019-08-19 01:10:54.000000",1.0,10.7,1.0,N,138.0,180.0,2.0,32.5,0.5,0.5,0.0,0.0,0.3,33.8,0.0
1.0,"2019-08-19 01:55:43.000000","2019-08-19 01:56:09.000000",1.0,0.0,5.0,N,180.0,180.0,1.0,350.0,0.0,0.0,0.0,0.0,0.3,350.3,0.0
1.0,"2019-08-19 01:57:24.000000","2019-08-19 01:57:48.000000",3.0,0.0,5.0,N,180.0,180.0,1.0,350.0,0.0,0.0,0.0,0.0,0.3,350.3,0.0
1.0,"2019-08-19 02:38:35.000000","2019-08-19 02:51:55.000000",1.0,5.9,1.0,N,132.0,180.0,2.0,18.5,0.5,0.5,0.0,0.0,0.3,19.8,0.0
1.0,"2019-08-19 02:30:31.000000","2019-08-19 02:40:07.000000",4.0,5.1,1.0,N,132.0,180.0,2.0,15.5,0.5,0.5,0.0,0.0,0.3,16.8,0.0
2.0,"2019-08-18 18:30:10.000000","2019-08-18 18:48:19.000000",1.0,6.26,1.0,N,132.0,180.0,1.0,20.0,0.5,0.5,5.32,0.0,0.3,26.62,0.0
2.0,"2019-08-18 18:23:38.000000","2019-08-18 18:40:17.000000",1.0,6.01,1.0,N,132.0,180.0,2.0,19.0,0.0,0.5,0.0,0.0,0.3,19.8,0.0
2.0,"2019-08-19 07:17:34.000000","2019-08-19 07:40:07.000000",1.0,7.42,1.0,N,132.0,180.0,1.0,23.0,0.0,0.5,7.14,0.0,0.3,30.94,0.0
2.0,"2019-08-19 09:29:40.000000","2019-08-19 09:31:19.000000",1.0,0.26,1.0,N,180.0,180.0,2.0,3.5,0.0,0.5,0.0,0.0,0.3,4.3,0.0
1.0,"2019-08-19 10:17:21.000000","2019-08-19 10:30:29.000000",2.0,5.9,1.0,N,132.0,180.0,2.0,18.5,0.0,0.5,0.0,0.0,0.3,19.3,0.0
2.0,"2019-08-19 12:55:04.000000","2019-08-19 13:14:41.000000",5.0,3.46,1.0,N,95.0,180.0,2.0,16.0,0.0,0.5,0.0,0.0,0.3,16.8,0.0
1.0,"2019-08-19 13:22:03.000000","2019-08-19 14:00:07.000000",1.0,8.7,1.0,N,132.0,180.0,2.0,33.0,0.0,0.5,0.0,0.0,0.3,33.8,0.0
2.0,"2019-08-19 14:42:01.000000","2019-08-19 14:58:36.000000",1.0,6.93,1.0,N,132.0,180.0,2.0,21.5,0.0,0.5,0.0,0.0,0.3,22.3,0.0
2.0,"2019-08-19 16:05:52.000000","2019-08-19 16:21:40.000000",1.0,6.18,1.0,N,132.0,180.0,1.0,18.5,1.0,0.5,4.06,0.0,0.3,24.36,0.0
2.0,"2019-08-19 16:01:19.000000","2019-08-19 16:14:32.000000",3.0,4.96,1.0,N,132.0,180.0,2.0,16.0,1.0,0.5,0.0,0.0,0.3,17.8,0.0
1.0,"2019-08-19 19:37:43.000000","2019-08-19 19:52:37.000000",4.0,5.8,1.0,N,132.0,180.0,2.0,18.5,1.0,0.5,0.0,0.0,0.3,20.3,0.0
2.0,"2019-08-19 20:13:21.000000","2019-08-19 20:52:54.000000",1.0,10.92,1.0,N,162.0,180.0,2.0,36.5,0.5,0.5,0.0,0.0,0.3,40.3,2.5
2.0,"2019-08-19 21:16:24.000000","2019-08-19 21:27:20.000000",1.0,5.2,1.0,N,132.0,180.0,2.0,16.0,0.5,0.5,0.0,0.0,0.3,17.3,0.0
2.0,"2019-08-19 21:59:42.000000","2019-08-19 22:28:34.000000",1.0,11.1,1.0,N,138.0,180.0,2.0,33.5,0.5,0.5,0.0,0.0,0.3,34.8,0.0
2.0,"2019-08-19 21:58:27.000000","2019-08-19 22:11:44.000000",1.0,6.41,1.0,N,264.0,180.0,2.0,19.0,0.5,0.5,0.0,0.0,0.3,20.3,0.0
2.0,"2019-08-19 22:41:17.000000","2019-08-19 22:51:03.000000",1.0,5.68,1.0,N,132.0,180.0,2.0,16.5,0.5,0.5,0.0,0.0,0.3,17.8,0.0
1.0,"2019-08-19 23:19:05.000000","2019-08-19 23:32:37.000000",1.0,5.8,1.0,N,132.0,180.0,1.0,18.5,0.5,0.5,3.95,0.0,0.3,23.75,0.0
2.0,"2019-08-20 00:34:19.000000","2019-08-20 00:45:54.000000",6.0,6.01,1.0,N,132.0,180.0,2.0,18.0,0.5,0.5,0.0,0.0,0.3,19.3,0.0
2.0,"2019-08-20 01:17:14.000000","2019-08-20 01:31:23.000000",1.0,6.36,1.0,N,132.0,180.0,2.0,19.5,0.5,0.5,0.0,0.0,0.3,20.8,0.0
1.0,"2019-08-20 01:41:25.000000","2019-08-20 02:07:44.000000",1.0,10.8,1.0,N,162.0,180.0,1.0,32.5,3.0,0.5,5.0,0.0,0.3,41.3,2.5
2.0,"2019-08-20 01:25:21.000000","2019-08-20 01:52:10.000000",1.0,10.61,1.0,N,138.0,180.0,2.0,32.5,0.5,0.5,0.0,2.8,0.3,36.6,0.0
2.0,"2019-08-20 06:31:05.000000","2019-08-20 06:45:07.000000",1.0,6.71,1.0,N,132.0,180.0,2.0,20.0,0.0,0.5,0.0,0.0,0.3,20.8,0.0
2.0,"2019-08-20 08:15:55.000000","2019-08-20 08:29:23.000000",1.0,6.6,1.0,N,132.0,180.0,2.0,20.0,0.0,0.5,0.0,0.0,0.3,20.8,0.0
2.0,"2019-08-20 10:29:27.000000","2019-08-20 10:43:44.000000",6.0,6.2,1.0,N,132.0,180.0,2.0,19.0,0.0,0.5,0.0,0.0,0.3,19.8,0.0
2.0,"2019-08-20 11:10:14.000000","2019-08-20 11:27:26.000000",1.0,2.3,1.0,N,132.0,180.0,2.0,14.5,0.0,0.5,0.0,0.0,0.3,15.3,0.0
2.0,"2019-08-20 11:11:06.000000","2019-08-20 11:31:33.000000",1.0,6.36,1.0,N,132.0,180.0,1.0,20.5,0.0,0.5,2.0,0.0,0.3,23.3,0.0
2.0,"2019-08-20 11:10:10.000000","2019-08-20 11:26:47.000000",1.0,5.35,1.0,N,132.0,180.0,1.0,18.0,0.0,0.5,4.7,0.0,0.3,23.5,0.0
2.0,"2019-08-20 11:04:07.000000","2019-08-20 11:17:49.000000",1.0,5.89,1.0,N,132.0,180.0,1.0,18.5,0.0,0.5,10.0,0.0,0.3,29.3,0.0
2.0,"2019-08-20 12:00:28.000000","2019-08-20 12:17:58.000000",1.0,5.86,1.0,N,132.0,180.0,2.0,19.0,0.0,0.5,0.0,0.0,0.3,19.8,0.0
2.0,"2019-08-20 11:18:11.000000","2019-08-20 11:53:00.000000",1.0,7.13,1.0,N,132.0,180.0,2.0,27.0,0.0,0.5,0.0,0.0,0.3,27.8,0.0
1.0,"2019-08-20 12:37:59.000000","2019-08-20 13:10:52.000000",1.0,12.9,1.0,N,138.0,180.0,1.0,38.0,0.0,0.5,7.75,0.0,0.3,46.55,0.0
1.0,"2019-08-20 12:40:08.000000","2019-08-20 13:00:52.000000",4.0,6.0,1.0,N,132.0,180.0,1.0,20.5,0.0,0.5,2.0,0.0,0.3,23.3,0.0
1.0,"2019-08-20 13:56:13.000000","2019-08-20 14:53:09.000000",1.0,0.0,1.0,N,123.0,180.0,1.0,28.2,0.0,0.5,0.0,0.0,0.3,29.0,0.0
2.0,"2019-08-20 13:54:29.000000","2019-08-20 14:06:31.000000",1.0,5.93,1.0,N,132.0,180.0,1.0,17.5,0.0,0.5,3.66,0.0,0.3,21.96,0.0
2.0,"2019-08-20 15:38:57.000000","2019-08-20 15:56:37.000000",1.0,5.43,1.0,N,132.0,180.0,2.0,18.0,0.0,0.5,0.0,0.0,0.3,18.8,0.0
1.0,"2019-08-20 15:46:18.000000","2019-08-20 16:18:00.000000",1.0,10.2,1.0,N,137.0,180.0,4.0,32.0,2.5,0.5,0.0,0.0,0.3,35.3,2.5
2.0,"2019-08-20 18:29:32.000000","2019-08-20 18:59:26.000000",1.0,10.33,1.0,N,138.0,180.0,2.0,32.0,1.0,0.5,0.0,0.0,0.3,33.8,0.0
2.0,"2019-08-20 18:17:08.000000","2019-08-20 19:01:15.000000",1.0,11.64,2.0,N,142.0,180.0,1.0,52.0,4.5,0.5,17.94,0.0,0.3,77.74,2.5
1.0,"2019-08-20 18:06:46.000000","2019-08-20 18:18:37.000000",1.0,5.1,1.0,N,132.0,180.0,2.0,16.5,1.0,0.5,0.0,0.0,0.3,18.3,0.0
1.0,"2019-08-20 19:30:32.000000","2019-08-20 20:05:08.000000",0.0,11.4,1.0,N,100.0,180.0,1.0,36.5,3.5,0.5,8.15,0.0,0.3,48.95,2.5
2.0,"2019-08-20 21:12:36.000000","2019-08-20 21:23:44.000000",1.0,6.19,1.0,N,132.0,180.0,2.0,18.0,0.5,0.5,0.0,0.0,0.3,19.3,0.0
2.0,"2019-08-20 21:32:04.000000","2019-08-20 21:49:47.000000",1.0,7.31,1.0,N,132.0,180.0,2.0,22.5,0.5,0.5,0.0,0.0,0.3,23.8,0.0
2.0,"2019-08-20 22:51:32.000000","2019-08-20 23:24:25.000000",1.0,14.4,1.0,N,231.0,180.0,1.0,42.0,0.5,0.5,5.0,0.0,0.3,50.8,2.5
1.0,"2019-08-20 22:20:49.000000","2019-08-20 22:30:48.000000",2.0,5.9,1.0,N,132.0,180.0,2.0,17.0,0.5,0.5,0.0,0.0,0.3,18.3,0.0
1.0,"2019-08-20 22:07:25.000000","2019-08-20 22:19:31.000000",1.0,6.3,1.0,N,132.0,180.0,1.0,18.5,0.5,0.5,4.95,0.0,0.3,24.75,0.0
2.0,"2019-08-20 23:07:42.000000","2019-08-20 23:19:33.000000",1.0,5.44,1.0,N,132.0,180.0,2.0,17.0,0.5,0.5,0.0,0.0,0.3,18.3,0.0
2.0,"2019-08-20 23:37:28.000000","2019-08-20 23:49:13.000000",1.0,6.3,1.0,N,132.0,180.0,2.0,18.5,0.5,0.5,0.0,0.0,0.3,19.8,0.0
2.0,"2019-08-21 00:49:13.000000","2019-08-21 01:18:45.000000",1.0,11.61,1.0,N,186.0,180.0,2.0,35.0,0.5,0.5,0.0,6.12,0.3,44.92,2.5
2.0,"2019-08-21 01:07:30.000000","2019-08-21 01:15:45.000000",1.0,4.56,1.0,N,132.0,180.0,1.0,14.0,0.5,0.5,3.06,0.0,0.3,18.36,0.0
2.0,"2019-08-21 01:48:40.000000","2019-08-21 02:18:03.000000",1.0,12.71,1.0,N,100.0,180.0,2.0,37.0,0.5,0.5,0.0,0.0,0.3,40.8,2.5
2.0,"2019-08-21 02:17:02.000000","2019-08-21 02:50:15.000000",1.0,13.99,1.0,N,90.0,180.0,1.0,41.5,0.5,0.5,4.5,0.0,0.3,49.8,2.5
2.0,"2019-08-21 06:01:05.000000","2019-08-21 06:10:21.000000",1.0,5.05,1.0,N,132.0,180.0,2.0,15.5,0.0,0.5,0.0,0.0,0.3,16.3,0.0
1.0,"2019-08-21 06:47:46.000000","2019-08-21 07:35:24.000000",2.0,12.1,1.0,N,100.0,180.0,2.0,42.5,2.5,0.5,0.0,0.0,0.3,45.8,2.5
2.0,"2019-08-21 09:55:36.000000","2019-08-21 10:22:06.000000",2.0,12.24,1.0,N,138.0,180.0,2.0,35.5,0.0,0.5,0.0,0.0,0.3,36.3,0.0
2.0,"2019-08-21 09:27:07.000000","2019-08-21 09:40:46.000000",1.0,5.6,1.0,N,132.0,180.0,2.0,18.0,0.0,0.5,0.0,0.0,0.3,18.8,0.0
2.0,"2019-08-21 09:12:02.000000","2019-08-21 09:22:20.000000",1.0,2.8,1.0,N,76.0,180.0,1.0,10.0,0.0,0.5,0.0,0.0,0.3,10.8,0.0
2.0,"2019-08-21 09:54:09.000000","2019-08-21 10:01:41.000000",1.0,1.27,1.0,N,258.0,180.0,1.0,7.0,0.0,0.5,0.0,0.0,0.3,7.8,0.0
1.0,"2019-08-21 11:13:35.000000","2019-08-21 11:24:36.000000",1.0,5.4,1.0,N,132.0,180.0,2.0,17.0,0.0,0.5,0.0,0.0,0.3,17.8,0.0
2.0,"2019-08-21 13:22:18.000000","2019-08-21 13:40:19.000000",1.0,6.01,1.0,N,132.0,180.0,1.0,20.0,0.0,0.5,4.16,0.0,0.3,24.96,0.0
2.0,"2019-08-21 13:22:30.000000","2019-08-21 13:40:58.000000",6.0,5.83,1.0,N,132.0,180.0,2.0,18.5,0.0,0.5,0.0,0.0,0.3,19.3,0.0
2.0,"2019-08-21 14:47:17.000000","2019-08-21 15:08:01.000000",1.0,6.49,1.0,N,132.0,180.0,2.0,21.5,0.0,0.5,0.0,0.0,0.3,22.3,0.0
1.0,"2019-08-21 15:35:46.000000","2019-08-21 15:38:01.000000",1.0,0.0,1.0,N,124.0,180.0,1.0,28.2,0.0,0.5,0.0,0.0,0.3,29.0,0.0
1.0,"2019-08-21 16:19:53.000000","2019-08-21 17:07:20.000000",1.0,0.0,1.0,N,226.0,180.0,1.0,26.2,0.0,0.5,0.0,0.0,0.3,27.0,0.0
1.0,"2019-08-21 16:26:55.000000","2019-08-21 16:45:15.000000",2.0,6.2,1.0,N,132.0,180.0,1.0,20.5,1.0,0.5,4.45,0.0,0.3,26.75,0.0
2.0,"2019-08-21 16:30:30.000000","2019-08-21 16:41:55.000000",2.0,1.64,1.0,N,197.0,180.0,1.0,9.0,1.0,0.5,2.16,0.0,0.3,12.96,0.0
2.0,"2019-08-21 17:32:35.000000","2019-08-21 17:51:53.000000",1.0,6.88,1.0,N,132.0,180.0,2.0,21.0,1.0,0.5,0.0,0.0,0.3,22.8,0.0
1.0,"2019-08-21 17:00:22.000000","2019-08-21 17:10:36.000000",1.0,5.0,1.0,N,132.0,180.0,2.0,15.5,1.0,0.5,0.0,0.0,0.3,17.3,0.0
2.0,"2019-08-21 19:01:40.000000","2019-08-21 19:55:44.000000",1.0,12.42,1.0,N,100.0,180.0,1.0,46.0,1.0,0.5,5.8,6.12,0.3,62.22,2.5
2.0,"2019-08-21 20:15:06.000000","2019-08-21 21:01:55.000000",1.0,12.26,1.0,N,88.0,180.0,1.0,40.5,0.5,0.5,7.0,0.0,0.3,51.3,2.5
2.0,"2019-08-21 21:35:20.000000","2019-08-21 21:47:23.000000",1.0,6.11,1.0,N,132.0,180.0,2.0,18.0,0.5,0.5,0.0,0.0,0.3,19.3,0.0
2.0,"2019-08-21 22:07:18.000000","2019-08-21 22:18:36.000000",1.0,4.84,1.0,N,132.0,180.0,2.0,15.5,0.5,0.5,0.0,0.0,0.3,16.8,0.0
2.0,"2019-08-21 22:43:06.000000","2019-08-21 22:56:56.000000",1.0,6.41,1.0,N,132.0,180.0,2.0,19.5,0.5,0.5,0.0,0.0,0.3,20.8,0.0
2.0,"2019-08-21 23:06:42.000000","2019-08-21 23:19:18.000000",2.0,6.17,1.0,N,132.0,180.0,1.0,19.0,0.5,0.5,4.06,0.0,0.3,24.36,0.0
2.0,"2019-08-22 00:47:27.000000","2019-08-22 01:11:59.000000",1.0,10.5,1.0,N,138.0,180.0,2.0,31.5,0.5,0.5,0.0,0.0,0.3,32.8,0.0
2.0,"2019-08-22 03:43:11.000000","2019-08-22 03:53:20.000000",1.0,6.1,1.0,N,132.0,180.0,2.0,18.0,0.5,0.5,0.0,0.0,0.3,19.3,0.0
2.0,"2019-08-22 05:21:51.000000","2019-08-22 05:35:12.000000",4.0,6.85,1.0,N,132.0,180.0,2.0,20.0,0.5,0.5,0.0,0.0,0.3,21.3,0.0
2.0,"2019-08-22 08:03:28.000000","2019-08-22 08:20:46.000000",1.0,6.41,1.0,N,132.0,180.0,2.0,20.5,0.0,0.5,0.0,0.0,0.3,21.3,0.0
2.0,"2019-08-22 10:46:40.000000","2019-08-22 11:06:01.000000",2.0,6.8,1.0,N,132.0,180.0,2.0,22.0,0.0,0.5,0.0,0.0,0.3,22.8,0.0
1.0,"2019-08-22 11:20:52.000000","2019-08-22 11:46:19.000000",5.0,6.5,1.0,N,132.0,180.0,2.0,23.5,0.0,0.5,0.0,0.0,0.3,24.3,0.0
1.0,"2019-08-22 12:02:06.000000","2019-08-22 12:15:08.000000",2.0,5.1,1.0,N,132.0,180.0,2.0,16.0,0.0,0.5,0.0,0.0,0.3,16.8,0.0
2.0,"2019-08-22 15:54:08.000000","2019-08-22 16:12:56.000000",1.0,6.08,1.0,N,132.0,180.0,2.0,20.5,0.0,0.5,0.0,0.0,0.3,21.3,0.0
2.0,"2019-08-22 16:52:56.000000","2019-08-22 17:26:49.000000",1.0,5.37,1.0,N,132.0,180.0,2.0,26.0,1.0,0.5,0.0,0.0,0.3,27.8,0.0
2.0,"2019-08-22 16:29:32.000000","2019-08-22 16:45:46.000000",1.0,5.18,1.0,N,132.0,180.0,2.0,17.5,1.0,0.5,0.0,0.0,0.3,19.3,0.0
1.0,"2019-08-22 16:20:59.000000","2019-08-22 17:38:04.000000",1.0,0.0,1.0,N,48.0,180.0,1.0,33.2,0.0,0.5,0.0,0.0,0.3,34.0,0.0
2.0,"2019-08-22 16:51:57.000000","2019-08-22 17:10:15.000000",2.0,6.09,1.0,N,132.0,180.0,2.0,20.5,1.0,0.5,0.0,0.0,0.3,22.3,0.0
2.0,"2019-08-22 17:19:44.000000","2019-08-22 17:46:59.000000",2.0,5.67,1.0,N,132.0,180.0,2.0,21.5,1.0,0.5,0.0,0.0,0.3,23.3,0.0
1.0,"2019-08-22 17:16:44.000000","2019-08-22 17:39:00.000000",1.0,5.1,1.0,N,132.0,180.0,2.0,19.0,1.0,0.5,0.0,0.0,0.3,20.8,0.0
1.0,"2019-08-22 17:14:21.000000","2019-08-22 17:38:58.000000",4.0,5.5,1.0,N,132.0,180.0,2.0,20.5,1.0,0.5,0.0,0.0,0.3,22.3,0.0
1.0,"2019-08-22 17:06:01.000000","2019-08-22 17:25:03.000000",3.0,5.1,1.0,N,132.0,180.0,2.0,19.0,1.0,0.5,0.0,0.0,0.3,20.8,0.0
2.0,"2019-08-22 18:00:39.000000","2019-08-22 18:23:13.000000",1.0,5.64,1.0,N,132.0,180.0,1.0,20.0,1.0,0.5,5.45,0.0,0.3,27.25,0.0
2.0,"2019-08-22 18:29:50.000000","2019-08-22 18:47:19.000000",5.0,4.5,1.0,N,132.0,180.0,1.0,16.5,1.0,0.5,4.58,0.0,0.3,22.88,0.0
2.0,"2019-08-22 18:26:57.000000","2019-08-22 18:41:41.000000",1.0,4.63,1.0,N,132.0,180.0,2.0,16.0,1.0,0.5,0.0,0.0,0.3,17.8,0.0
1.0,"2019-08-22 19:49:33.000000","2019-08-22 20:05:35.000000",1.0,5.7,1.0,N,132.0,180.0,4.0,18.5,1.0,0.5,0.0,0.0,0.3,20.3,0.0
2.0,"2019-08-22 21:04:17.000000","2019-08-22 21:30:21.000000",1.0,5.85,1.0,N,132.0,180.0,2.0,21.0,0.5,0.5,0.0,0.0,0.3,22.3,0.0
2.0,"2019-08-22 22:13:20.000000","2019-08-22 23:05:28.000000",1.0,12.8,5.0,N,231.0,180.0,1.0,125.55,0.0,0.0,0.0,0.0,0.3,128.35,2.5
1.0,"2019-08-22 22:02:15.000000","2019-08-22 22:37:54.000000",1.0,10.7,1.0,N,138.0,180.0,1.0,33.0,0.5,0.5,8.55,0.0,0.3,42.85,0.0
2.0,"2019-08-22 22:35:55.000000","2019-08-22 23:12:47.000000",1.0,11.51,1.0,N,100.0,180.0,1.0,36.0,0.5,0.5,6.6,6.12,0.3,52.52,2.5
2.0,"2019-08-22 23:14:04.000000","2019-08-22 23:26:15.000000",1.0,5.15,1.0,N,132.0,180.0,2.0,15.5,0.5,0.5,0.0,0.0,0.3,16.8,0.0
2.0,"2019-08-22 23:41:15.000000","2019-08-23 00:17:09.000000",1.0,12.41,1.0,N,249.0,180.0,1.0,37.0,0.5,0.5,11.73,6.12,0.3,58.65,2.5
2.0,"2019-08-23 00:39:14.000000","2019-08-23 00:54:31.000000",2.0,6.52,1.0,N,132.0,180.0,1.0,20.0,0.5,0.5,6.39,0.0,0.3,27.69,0.0
2.0,"2019-08-23 03:50:35.000000","2019-08-23 04:40:11.000000",1.0,13.31,1.0,N,230.0,180.0,2.0,40.0,0.5,0.5,0.0,0.0,0.3,43.8,2.5
1.0,"2019-08-23 04:17:15.000000","2019-08-23 04:28:58.000000",1.0,5.7,1.0,N,132.0,180.0,1.0,17.5,0.5,0.5,3.75,0.0,0.3,22.55,0.0
1.0,"2019-08-23 07:57:15.000000","2019-08-23 08:15:05.000000",1.0,6.6,1.0,N,132.0,180.0,2.0,21.0,0.0,0.5,0.0,0.0,0.3,21.8,0.0
1.0,"2019-08-23 07:34:25.000000","2019-08-23 07:54:27.000000",1.0,0.0,1.0,N,55.0,180.0,1.0,28.2,0.0,0.5,0.0,0.0,0.3,29.0,0.0
2.0,"2019-08-23 07:19:36.000000","2019-08-23 07:20:25.000000",1.0,0.09,1.0,N,180.0,180.0,2.0,2.5,0.0,0.5,0.0,0.0,0.3,3.3,0.0
2.0,"2019-08-23 08:37:13.000000","2019-08-23 08:52:44.000000",6.0,6.35,1.0,N,132.0,180.0,2.0,19.5,0.0,0.5,0.0,0.0,0.3,20.3,0.0
2.0,"2019-08-23 09:23:16.000000","2019-08-23 09:45:09.000000",1.0,5.73,1.0,N,132.0,180.0,2.0,20.5,0.0,0.5,0.0,0.0,0.3,21.3,0.0
2.0,"2019-08-23 10:31:03.000000","2019-08-23 10:46:26.000000",1.0,4.94,1.0,N,132.0,180.0,2.0,16.5,0.0,0.5,0.0,0.0,0.3,17.3,0.0
1.0,"2019-08-23 11:15:05.000000","2019-08-23 11:28:52.000000",0.0,6.2,1.0,N,132.0,180.0,2.0,18.5,0.0,0.5,0.0,0.0,0.3,19.3,0.0
1.0,"2019-08-23 11:52:57.000000","2019-08-23 12:33:01.000000",1.0,0.0,1.0,N,193.0,180.0,1.0,28.2,0.0,0.5,0.0,0.0,0.3,29.0,0.0
1.0,"2019-08-23 11:53:05.000000","2019-08-23 12:06:32.000000",1.0,5.9,1.0,N,132.0,180.0,2.0,18.5,0.0,0.5,0.0,0.0,0.3,19.3,0.0
2.0,"2019-08-23 11:09:23.000000","2019-08-23 11:40:11.000000",1.0,8.21,1.0,N,132.0,180.0,1.0,29.0,0.0,0.5,0.0,0.0,0.3,29.8,0.0
2.0,"2019-08-23 12:48:39.000000","2019-08-23 13:00:44.000000",1.0,5.82,1.0,N,132.0,180.0,2.0,17.5,0.0,0.5,0.0,0.0,0.3,18.3,0.0
2.0,"2019-08-23 13:06:12.000000","2019-08-23 13:30:02.000000",2.0,6.53,1.0,N,132.0,180.0,2.0,21.5,0.0,0.5,0.0,0.0,0.3,22.3,0.0
1.0,"2019-08-23 14:19:18.000000","2019-08-23 15:24:45.000000",2.0,10.2,1.0,N,231.0,180.0,2.0,43.5,2.5,0.5,0.0,0.0,0.3,46.8,2.5
2.0,"2019-08-23 14:29:56.000000","2019-08-23 15:13:33.000000",1.0,11.78,2.0,N,246.0,180.0,1.0,52.0,0.0,0.5,0.0,6.12,0.3,61.42,2.5
1.0,"2019-08-23 14:42:25.000000","2019-08-23 14:57:57.000000",2.0,5.6,1.0,N,132.0,180.0,2.0,19.0,0.0,0.5,0.0,0.0,0.3,19.8,0.0
1.0,"2019-08-23 14:49:04.000000","2019-08-23 15:04:41.000000",3.0,6.5,1.0,N,132.0,180.0,1.0,20.0,0.0,0.5,5.0,0.0,0.3,25.8,0.0
2.0,"2019-08-23 17:57:23.000000","2019-08-23 18:37:11.000000",1.0,10.59,1.0,N,138.0,180.0,1.0,34.0,1.0,0.5,7.16,0.0,0.3,42.96,0.0
2.0,"2019-08-23 17:33:03.000000","2019-08-23 17:51:57.000000",1.0,4.63,1.0,N,132.0,180.0,2.0,17.5,1.0,0.5,0.0,0.0,0.3,19.3,0.0
2.0,"2019-08-23 17:10:47.000000","2019-08-23 18:10:58.000000",6.0,10.5,1.0,N,138.0,180.0,2.0,43.0,1.0,0.5,0.0,0.0,0.3,44.8,0.0
2.0,"2019-08-23 17:39:05.000000","2019-08-23 17:57:18.000000",1.0,6.03,1.0,N,132.0,180.0,2.0,20.0,1.0,0.5,0.0,0.0,0.3,21.8,0.0
1.0,"2019-08-23 18:59:06.000000","2019-08-23 19:18:38.000000",1.0,3.0,1.0,N,10.0,180.0,2.0,15.0,1.0,0.5,0.0,0.0,0.3,16.8,0.0
2.0,"2019-08-23 18:30:51.000000","2019-08-23 18:43:49.000000",1.0,5.15,1.0,N,132.0,180.0,2.0,16.5,1.0,0.5,0.0,0.0,0.3,18.3,0.0
1.0,"2019-08-23 19:28:48.000000","2019-08-23 19:44:36.000000",3.0,4.9,1.0,N,132.0,180.0,2.0,16.5,1.0,0.5,0.0,0.0,0.3,18.3,0.0
2.0,"2019-08-23 19:57:18.000000","2019-08-23 20:12:33.000000",2.0,6.35,1.0,N,132.0,180.0,2.0,19.5,1.0,0.5,0.0,0.0,0.3,21.3,0.0
2.0,"2019-08-23 19:01:04.000000","2019-08-23 19:18:29.000000",5.0,6.15,1.0,N,132.0,180.0,1.0,19.5,1.0,0.5,5.32,0.0,0.3,26.62,0.0
1.0,"2019-08-23 21:35:07.000000","2019-08-23 21:50:17.000000",1.0,4.9,1.0,N,132.0,180.0,3.0,17.0,0.5,0.5,0.0,0.0,0.3,18.3,0.0
2.0,"2019-08-23 23:13:43.000000","2019-08-23 23:31:02.000000",1.0,6.33,1.0,N,132.0,180.0,2.0,20.0,0.5,0.5,0.0,0.0,0.3,21.3,0.0
1.0,"2019-08-24 00:08:49.000000","2019-08-24 00:24:37.000000",1.0,6.0,1.0,N,132.0,180.0,3.0,19.0,0.5,0.5,0.0,0.0,0.3,20.3,0.0
1.0,"2019-08-24 00:07:28.000000","2019-08-24 00:22:15.000000",1.0,6.7,1.0,N,132.0,180.0,1.0,21.0,0.5,0.5,4.45,0.0,0.3,26.75,0.0
1.0,"2019-08-24 03:33:24.000000","2019-08-24 03:46:24.000000",1.0,6.2,1.0,N,132.0,180.0,2.0,19.0,0.5,0.5,0.0,0.0,0.3,20.3,0.0
1.0,"2019-08-24 07:36:53.000000","2019-08-24 07:47:23.000000",1.0,6.3,1.0,Y,132.0,180.0,3.0,18.5,0.0,0.5,0.0,0.0,0.3,19.3,0.0
1.0,"2019-08-24 08:17:31.000000","2019-08-24 08:53:16.000000",4.0,12.6,1.0,N,50.0,180.0,2.0,38.5,2.5,0.5,0.0,0.0,0.3,41.8,2.5
1.0,"2019-08-24 10:16:15.000000","2019-08-24 10:44:01.000000",1.0,0.0,1.0,N,135.0,180.0,1.0,24.2,0.0,0.5,0.0,0.0,0.3,25.0,0.0
2.0,"2019-08-24 11:08:31.000000","2019-08-24 11:37:18.000000",1.0,10.47,1.0,N,138.0,180.0,1.0,32.5,0.0,0.5,6.66,0.0,0.3,39.96,0.0
1.0,"2019-08-24 12:11:48.000000","2019-08-24 12:59:29.000000",1.0,0.0,1.0,N,257.0,180.0,1.0,26.2,0.0,0.5,0.0,0.0,0.3,27.0,0.0
2.0,"2019-08-24 13:25:45.000000","2019-08-24 13:39:14.000000",1.0,6.55,1.0,N,132.0,180.0,1.0,19.5,0.0,0.5,4.06,0.0,0.3,24.36,0.0
2.0,"2019-08-24 14:51:22.000000","2019-08-24 15:05:19.000000",6.0,5.29,1.0,N,132.0,180.0,1.0,17.0,0.0,0.5,2.0,0.0,0.3,19.8,0.0
2.0,"2019-08-24 16:04:42.000000","2019-08-24 16:17:46.000000",1.0,6.26,1.0,N,132.0,180.0,1.0,18.5,0.0,0.5,4.83,0.0,0.3,24.13,0.0
1.0,"2019-08-24 18:11:07.000000","2019-08-24 18:29:40.000000",0.0,5.3,1.0,N,132.0,180.0,1.0,18.0,0.0,0.5,3.75,0.0,0.3,22.55,0.0
2.0,"2019-08-24 18:37:05.000000","2019-08-24 18:52:33.000000",1.0,6.3,1.0,N,132.0,180.0,2.0,20.0,0.0,0.5,0.0,0.0,0.3,20.8,0.0
2.0,"2019-08-24 18:04:18.000000","2019-08-24 19:12:59.000000",5.0,16.29,2.0,N,132.0,180.0,1.0,52.0,0.0,0.5,10.56,0.0,0.3,63.36,0.0
2.0,"2019-08-24 19:07:13.000000","2019-08-24 19:22:55.000000",1.0,5.96,1.0,N,132.0,180.0,2.0,19.5,0.0,0.5,0.0,0.0,0.3,20.3,0.0
2.0,"2019-08-24 19:00:57.000000","2019-08-24 20:00:11.000000",2.0,12.73,1.0,N,100.0,180.0,2.0,47.0,0.0,0.5,0.0,0.0,0.3,50.3,2.5
2.0,"2019-08-24 20:39:02.000000","2019-08-24 20:39:36.000000",1.0,0.11,1.0,N,216.0,180.0,2.0,2.5,0.5,0.5,0.0,0.0,0.3,3.8,0.0
2.0,"2019-08-24 22:47:16.000000","2019-08-24 23:31:46.000000",1.0,11.93,1.0,N,230.0,180.0,1.0,42.0,0.5,0.5,10.38,6.12,0.3,62.3,2.5
2.0,"2019-08-24 22:29:42.000000","2019-08-24 22:55:57.000000",1.0,6.67,1.0,N,132.0,180.0,2.0,25.0,0.5,0.5,0.0,0.0,0.3,26.3,0.0
2.0,"2019-08-25 00:44:56.000000","2019-08-25 01:00:47.000000",2.0,5.22,1.0,N,132.0,180.0,2.0,18.5,0.5,0.5,0.0,0.0,0.3,19.8,0.0
1.0,"2019-08-25 00:35:20.000000","2019-08-25 00:48:11.000000",1.0,3.6,1.0,N,102.0,180.0,2.0,13.0,0.5,0.5,0.0,0.0,0.3,14.3,0.0
1.0,"2019-08-25 01:19:09.000000","2019-08-25 01:36:47.000000",1.0,6.3,1.0,N,132.0,180.0,1.0,20.0,0.5,0.5,4.25,0.0,0.3,25.55,0.0
1.0,"2019-08-25 02:36:00.000000","2019-08-25 02:51:10.000000",1.0,6.9,1.0,N,132.0,180.0,2.0,20.5,0.5,0.5,0.0,0.0,0.3,21.8,0.0
1.0,"2019-08-25 04:20:27.000000","2019-08-25 04:29:17.000000",1.0,4.8,1.0,N,132.0,180.0,2.0,14.5,0.5,0.5,0.0,0.0,0.3,15.8,0.0
2.0,"2019-08-25 06:46:10.000000","2019-08-25 06:56:01.000000",6.0,5.28,1.0,N,132.0,180.0,2.0,16.5,0.0,0.5,0.0,0.0,0.3,17.3,0.0
2.0,"2019-08-25 07:27:14.000000","2019-08-25 07:40:16.000000",1.0,6.13,1.0,N,132.0,180.0,1.0,19.0,0.0,0.5,3.96,0.0,0.3,23.76,0.0
1.0,"2019-08-25 08:08:25.000000","2019-08-25 08:26:44.000000",1.0,11.4,1.0,N,138.0,180.0,2.0,32.0,0.0,0.5,0.0,0.0,0.3,32.8,0.0
2.0,"2019-08-25 08:17:58.000000","2019-08-25 08:31:20.000000",1.0,6.58,1.0,N,132.0,180.0,2.0,20.5,0.0,0.5,0.0,0.0,0.3,21.3,0.0
1.0,"2019-08-25 10:34:49.000000","2019-08-25 11:18:39.000000",1.0,17.5,1.0,N,48.0,180.0,2.0,51.0,2.5,0.5,0.0,6.12,0.3,60.42,2.5
2.0,"2019-08-25 13:05:09.000000","2019-08-25 13:19:36.000000",1.0,5.34,1.0,N,132.0,180.0,2.0,18.0,0.0,0.5,0.0,0.0,0.3,18.8,0.0
2.0,"2019-08-25 15:39:16.000000","2019-08-25 16:14:46.000000",1.0,11.52,1.0,N,164.0,180.0,1.0,36.0,0.0,0.5,13.63,6.12,0.3,59.05,2.5
2.0,"2019-08-25 16:05:44.000000","2019-08-25 16:23:55.000000",1.0,6.42,1.0,N,132.0,180.0,2.0,20.0,0.0,0.5,0.0,0.0,0.3,20.8,0.0
2.0,"2019-08-25 16:12:10.000000","2019-08-26 15:47:12.000000",1.0,5.25,1.0,N,132.0,180.0,2.0,17.5,0.0,0.5,0.0,0.0,0.3,18.3,0.0
2.0,"2019-08-25 17:41:43.000000","2019-08-25 17:46:02.000000",1.0,0.87,2.0,N,258.0,180.0,1.0,52.0,0.0,0.5,16.59,0.0,0.3,71.89,2.5
2.0,"2019-08-25 20:51:22.000000","2019-08-25 21:08:40.000000",1.0,5.99,1.0,N,132.0,180.0,1.0,19.0,0.5,0.5,4.06,0.0,0.3,24.36,0.0
1.0,"2019-08-25 20:38:21.000000","2019-08-25 20:54:23.000000",1.0,5.9,1.0,N,132.0,180.0,2.0,18.0,0.5,0.5,0.0,0.0,0.3,19.3,0.0
2.0,"2019-08-25 20:58:49.000000","2019-08-25 21:14:57.000000",1.0,6.24,1.0,N,132.0,180.0,2.0,18.5,0.5,0.5,0.0,0.0,0.3,19.8,0.0
2.0,"2019-08-25 22:39:47.000000","2019-08-25 22:50:28.000000",5.0,5.62,1.0,N,132.0,180.0,2.0,17.0,0.5,0.5,0.0,0.0,0.3,18.3,0.0
2.0,"2019-08-25 22:34:19.000000","2019-08-25 22:48:42.000000",1.0,5.87,1.0,N,132.0,180.0,1.0,18.5,0.5,0.5,3.96,0.0,0.3,23.76,0.0
2.0,"2019-08-26 00:28:06.000000","2019-08-26 00:38:17.000000",1.0,5.48,1.0,N,132.0,180.0,2.0,17.0,0.5,0.5,0.0,0.0,0.3,18.3,0.0
2.0,"2019-08-26 00:04:17.000000","2019-08-26 00:13:46.000000",1.0,5.21,1.0,N,132.0,180.0,1.0,15.5,0.5,0.5,5.04,0.0,0.3,21.84,0.0
1.0,"2019-08-26 02:19:09.000000","2019-08-26 02:19:51.000000",1.0,0.0,5.0,N,180.0,180.0,1.0,350.0,0.0,0.0,0.0,0.0,0.3,350.3,0.0
1.0,"2019-08-26 02:21:33.000000","2019-08-26 02:21:53.000000",1.0,0.0,5.0,N,180.0,180.0,1.0,250.0,0.0,0.0,0.0,0.0,0.3,250.3,0.0
1.0,"2019-08-26 02:23:30.000000","2019-08-26 02:24:09.000000",1.0,0.0,5.0,N,180.0,180.0,1.0,280.0,0.0,0.0,0.0,0.0,0.3,280.3,0.0
1.0,"2019-08-26 06:13:53.000000","2019-08-26 06:27:42.000000",1.0,5.5,1.0,N,132.0,180.0,1.0,17.5,0.0,0.5,0.92,0.0,0.3,19.22,0.0
2.0,"2019-08-26 08:57:28.000000","2019-08-26 08:57:47.000000",1.0,0.13,1.0,N,180.0,180.0,2.0,2.5,0.0,0.5,0.0,0.0,0.3,3.3,0.0
2.0,"2019-08-26 09:33:09.000000","2019-08-26 09:45:55.000000",1.0,5.55,1.0,N,132.0,180.0,2.0,17.5,0.0,0.5,0.0,0.0,0.3,18.3,0.0
1.0,"2019-08-26 10:39:54.000000","2019-08-26 10:58:31.000000",1.0,5.8,1.0,N,132.0,180.0,2.0,19.5,0.0,0.5,0.0,0.0,0.3,20.3,0.0
1.0,"2019-08-26 10:53:44.000000","2019-08-26 11:05:54.000000",0.0,5.9,1.0,N,132.0,180.0,2.0,18.0,0.0,0.5,0.0,0.0,0.3,18.8,0.0
2.0,"2019-08-26 10:40:34.000000","2019-08-26 10:57:08.000000",1.0,6.06,1.0,N,132.0,180.0,2.0,18.5,0.0,0.5,0.0,0.0,0.3,19.3,0.0
2.0,"2019-08-26 10:06:13.000000","2019-08-26 10:20:29.000000",1.0,6.04,1.0,N,132.0,180.0,2.0,18.5,0.0,0.5,0.0,0.0,0.3,19.3,0.0
2.0,"2019-08-26 13:14:14.000000","2019-08-26 13:30:05.000000",3.0,5.56,1.0,N,132.0,180.0,1.0,18.0,0.0,0.5,4.7,0.0,0.3,23.5,0.0
1.0,"2019-08-26 14:18:40.000000","2019-08-26 14:34:07.000000",3.0,5.8,1.0,N,132.0,180.0,1.0,19.0,0.0,0.5,0.01,0.0,0.3,19.81,0.0
1.0,"2019-08-26 15:54:46.000000","2019-08-26 16:32:14.000000",2.0,10.6,1.0,N,138.0,180.0,1.0,35.0,0.0,0.5,2.0,0.0,0.3,37.8,0.0
2.0,"2019-08-26 16:25:24.000000","2019-08-26 16:43:03.000000",5.0,6.42,1.0,N,132.0,180.0,2.0,20.0,1.0,0.5,0.0,0.0,0.3,21.8,0.0
2.0,"2019-08-26 16:09:23.000000","2019-08-26 16:23:50.000000",1.0,6.02,1.0,N,132.0,180.0,2.0,18.5,1.0,0.5,0.0,0.0,0.3,20.3,0.0
2.0,"2019-08-26 17:08:03.000000","2019-08-26 17:20:23.000000",1.0,4.91,1.0,N,132.0,180.0,2.0,15.5,1.0,0.5,0.0,0.0,0.3,17.3,0.0
2.0,"2019-08-26 17:14:20.000000","2019-08-26 17:48:12.000000",5.0,8.59,1.0,N,91.0,180.0,1.0,30.0,1.0,0.5,0.0,0.0,0.3,31.8,0.0
1.0,"2019-08-26 18:06:45.000000","2019-08-26 18:37:52.000000",1.0,0.0,1.0,N,83.0,180.0,1.0,22.2,0.0,0.5,0.0,0.0,0.3,23.0,0.0
2.0,"2019-08-26 22:54:33.000000","2019-08-26 23:19:47.000000",1.0,11.52,1.0,N,230.0,180.0,1.0,33.0,0.5,0.5,8.58,6.12,0.3,51.5,2.5
2.0,"2019-08-26 22:40:05.000000","2019-08-26 22:54:59.000000",2.0,6.23,1.0,N,132.0,180.0,2.0,19.0,0.5,0.5,0.0,0.0,0.3,20.3,0.0
2.0,"2019-08-27 02:06:53.000000","2019-08-27 02:15:32.000000",1.0,6.62,1.0,N,132.0,180.0,1.0,19.0,0.5,0.5,4.06,0.0,0.3,24.36,0.0
2.0,"2019-08-27 03:43:19.000000","2019-08-27 04:16:33.000000",1.0,14.26,1.0,N,68.0,180.0,2.0,41.5,0.5,0.5,0.0,0.0,0.3,45.3,2.5
2.0,"2019-08-27 06:14:57.000000","2019-08-27 06:26:26.000000",1.0,5.73,1.0,N,132.0,180.0,2.0,17.5,0.0,0.5,0.0,0.0,0.3,18.3,0.0
2.0,"2019-08-27 08:23:02.000000","2019-08-27 08:23:20.000000",1.0,0.06,1.0,N,180.0,180.0,2.0,2.5,0.0,0.5,0.0,0.0,0.3,3.3,0.0
1.0,"2019-08-27 11:55:23.000000","2019-08-27 12:08:21.000000",2.0,6.3,1.0,N,132.0,180.0,1.0,19.5,0.0,0.5,4.05,0.0,0.3,24.35,0.0
1.0,"2019-08-27 11:56:00.000000","2019-08-27 12:47:10.000000",1.0,12.1,1.0,N,137.0,180.0,2.0,42.5,2.5,0.5,0.0,0.0,0.3,45.8,2.5
2.0,"2019-08-27 12:29:33.000000","2019-08-27 12:59:21.000000",1.0,9.83,1.0,N,138.0,180.0,2.0,31.5,0.0,0.5,0.0,0.0,0.3,32.3,0.0
1.0,"2019-08-27 14:52:15.000000","2019-08-27 15:04:26.000000",1.0,5.8,1.0,N,132.0,180.0,1.0,17.5,0.0,0.5,3.65,0.0,0.3,21.95,0.0
1.0,"2019-08-27 16:52:14.000000","2019-08-27 17:04:31.000000",1.0,5.4,1.0,N,132.0,180.0,2.0,16.5,1.0,0.5,0.0,0.0,0.3,18.3,0.0
2.0,"2019-08-27 16:25:48.000000","2019-08-27 17:21:45.000000",3.0,12.75,1.0,N,113.0,180.0,2.0,45.5,1.0,0.5,0.0,6.12,0.3,55.92,2.5
2.0,"2019-08-27 21:46:27.000000","2019-08-27 22:00:05.000000",1.0,6.83,1.0,N,132.0,180.0,2.0,20.0,0.5,0.5,0.0,0.0,0.3,21.3,0.0
1.0,"2019-08-27 22:14:40.000000","2019-08-27 22:25:43.000000",1.0,5.2,1.0,N,132.0,180.0,2.0,16.5,0.5,0.5,0.0,0.0,0.3,17.8,0.0
2.0,"2019-08-28 00:51:54.000000","2019-08-28 01:05:40.000000",1.0,6.37,1.0,N,132.0,180.0,1.0,19.5,0.5,0.5,5.0,0.0,0.3,25.8,0.0
2.0,"2019-08-28 00:56:29.000000","2019-08-28 01:35:12.000000",5.0,13.9,1.0,N,263.0,180.0,2.0,42.0,0.5,0.5,0.0,0.0,0.3,45.8,2.5
2.0,"2019-08-28 01:23:02.000000","2019-08-28 01:43:42.000000",2.0,6.58,1.0,N,82.0,180.0,2.0,21.5,0.5,0.5,0.0,0.0,0.3,22.8,0.0
2.0,"2019-08-28 03:16:20.000000","2019-08-28 03:25:47.000000",2.0,6.12,1.0,N,132.0,180.0,2.0,18.0,0.5,0.5,0.0,0.0,0.3,19.3,0.0
1.0,"2019-08-28 05:22:29.000000","2019-08-28 05:51:00.000000",2.0,12.5,1.0,N,148.0,180.0,2.0,37.0,3.0,0.5,0.0,0.0,0.3,40.8,2.5
1.0,"2019-08-28 07:31:55.000000","2019-08-28 07:51:50.000000",1.0,5.9,1.0,N,132.0,180.0,2.0,19.5,0.0,0.5,0.0,0.0,0.3,20.3,0.0
2.0,"2019-08-28 07:56:25.000000","2019-08-28 08:07:08.000000",1.0,5.86,1.0,N,132.0,180.0,2.0,17.0,0.0,0.5,0.0,0.0,0.3,17.8,0.0
2.0,"2019-08-28 07:34:55.000000","2019-08-28 07:49:20.000000",2.0,6.48,1.0,N,132.0,180.0,2.0,19.5,0.0,0.5,0.0,0.0,0.3,20.3,0.0
2.0,"2019-08-28 09:48:39.000000","2019-08-28 10:39:41.000000",1.0,11.44,1.0,N,137.0,180.0,2.0,44.0,0.0,0.5,0.0,6.12,0.3,53.42,2.5
2.0,"2019-08-28 10:27:52.000000","2019-08-28 10:40:41.000000",2.0,6.31,1.0,N,132.0,180.0,2.0,19.0,0.0,0.5,0.0,0.0,0.3,19.8,0.0
2.0,"2019-08-28 10:44:34.000000","2019-08-28 10:44:38.000000",1.0,0.0,5.0,N,180.0,180.0,1.0,19.8,0.0,0.0,1.11,0.0,0.3,21.21,0.0
1.0,"2019-08-28 11:55:57.000000","2019-08-28 12:14:33.000000",3.0,6.1,1.0,N,132.0,180.0,1.0,20.0,0.0,0.5,0.0,0.0,0.3,20.8,0.0
2.0,"2019-08-28 12:43:46.000000","2019-08-28 13:18:06.000000",1.0,11.49,1.0,N,138.0,180.0,2.0,34.5,0.0,0.5,0.0,0.0,0.3,35.3,0.0
2.0,"2019-08-28 12:34:20.000000","2019-08-28 12:39:37.000000",1.0,1.03,2.0,N,258.0,180.0,1.0,52.0,0.0,0.5,13.82,0.0,0.3,69.12,2.5
1.0,"2019-08-28 12:38:12.000000","2019-08-28 12:47:42.000000",1.0,3.2,1.0,N,95.0,180.0,2.0,11.5,0.0,0.5,0.0,0.0,0.3,12.3,0.0
2.0,"2019-08-28 12:56:05.000000","2019-08-28 13:42:56.000000",1.0,17.22,1.0,N,119.0,180.0,1.0,51.0,0.0,0.5,0.0,6.12,0.3,57.92,0.0
2.0,"2019-08-28 12:52:11.000000","2019-08-28 13:01:24.000000",1.0,4.93,1.0,N,132.0,180.0,2.0,15.0,0.0,0.5,0.0,0.0,0.3,15.8,0.0
2.0,"2019-08-28 13:43:24.000000","2019-08-28 14:23:21.000000",5.0,12.21,1.0,N,138.0,180.0,1.0,36.5,0.0,0.5,7.46,0.0,0.3,44.76,0.0
2.0,"2019-08-28 13:18:58.000000","2019-08-28 13:26:12.000000",1.0,0.99,1.0,N,180.0,180.0,2.0,6.5,0.0,0.5,0.0,0.0,0.3,7.3,0.0
2.0,"2019-08-28 14:23:30.000000","2019-08-28 14:38:04.000000",1.0,5.7,1.0,N,132.0,180.0,2.0,18.5,0.0,0.5,0.0,0.0,0.3,19.3,0.0
1.0,"2019-08-28 15:21:04.000000","2019-08-28 16:44:04.000000",1.0,0.0,1.0,N,7.0,180.0,1.0,33.2,0.0,0.5,0.0,0.0,0.3,34.0,0.0
2.0,"2019-08-28 16:22:19.000000","2019-08-28 16:46:13.000000",2.0,5.91,1.0,N,132.0,180.0,2.0,22.5,1.0,0.5,0.0,0.0,0.3,24.3,0.0
2.0,"2019-08-28 19:10:35.000000","2019-08-28 19:34:34.000000",1.0,5.68,1.0,N,132.0,180.0,2.0,20.0,1.0,0.5,0.0,0.0,0.3,21.8,0.0
2.0,"2019-08-28 19:34:52.000000","2019-08-28 20:15:38.000000",5.0,10.62,1.0,N,137.0,180.0,1.0,35.5,1.0,0.5,9.18,6.12,0.3,55.1,2.5
1.0,"2019-08-28 20:03:58.000000","2019-08-28 20:50:25.000000",1.0,12.0,1.0,Y,170.0,180.0,1.0,39.0,3.0,0.5,9.75,6.12,0.3,58.67,2.5
2.0,"2019-08-28 20:19:00.000000","2019-08-28 20:58:41.000000",1.0,12.04,1.0,N,162.0,180.0,1.0,37.0,0.5,0.5,9.38,6.12,0.3,56.3,2.5
2.0,"2019-08-28 20:47:18.000000","2019-08-28 21:01:42.000000",4.0,5.63,1.0,N,132.0,180.0,2.0,17.0,0.5,0.5,0.0,0.0,0.3,18.3,0.0
2.0,"2019-08-28 20:49:15.000000","2019-08-28 21:03:31.000000",2.0,5.67,1.0,N,132.0,180.0,2.0,17.5,0.5,0.5,0.0,0.0,0.3,18.8,0.0
2.0,"2019-08-28 21:47:50.000000","2019-08-28 22:05:54.000000",1.0,5.77,1.0,N,132.0,180.0,2.0,19.5,0.5,0.5,0.0,0.0,0.3,20.8,0.0
1.0,"2019-08-28 21:02:53.000000","2019-08-28 21:19:53.000000",1.0,6.1,1.0,N,132.0,180.0,2.0,20.0,0.5,0.5,0.0,0.0,0.3,21.3,0.0
1.0,"2019-08-28 21:09:50.000000","2019-08-28 21:50:59.000000",1.0,25.9,1.0,N,231.0,180.0,1.0,69.0,3.0,0.5,0.0,6.12,0.3,78.92,2.5
2.0,"2019-08-28 23:30:46.000000","2019-08-29 00:03:21.000000",1.0,12.86,1.0,N,249.0,180.0,1.0,37.5,0.5,0.5,9.48,6.12,0.3,56.9,2.5
1.0,"2019-08-29 01:33:57.000000","2019-08-29 01:46:29.000000",3.0,6.8,1.0,N,132.0,180.0,2.0,20.0,0.5,0.5,0.0,0.0,0.3,21.3,0.0
2.0,"2019-08-29 07:27:44.000000","2019-08-29 07:46:19.000000",1.0,5.37,1.0,N,132.0,180.0,2.0,18.0,0.0,0.5,0.0,0.0,0.3,18.8,0.0
2.0,"2019-08-29 08:01:38.000000","2019-08-29 08:16:16.000000",1.0,5.9,1.0,N,132.0,180.0,2.0,18.5,0.0,0.5,0.0,0.0,0.3,19.3,0.0
1.0,"2019-08-29 09:37:16.000000","2019-08-29 09:52:04.000000",1.0,6.1,1.0,N,132.0,180.0,2.0,19.0,0.0,0.5,0.0,0.0,0.3,19.8,0.0
2.0,"2019-08-29 10:37:16.000000","2019-08-29 10:50:09.000000",1.0,5.89,1.0,N,132.0,180.0,2.0,17.5,0.0,0.5,0.0,0.0,0.3,18.3,0.0
1.0,"2019-08-29 12:40:01.000000","2019-08-29 12:55:39.000000",1.0,6.8,1.0,N,132.0,180.0,2.0,19.5,0.0,0.5,0.0,0.0,0.3,20.3,0.0
2.0,"2019-08-29 12:01:42.000000","2019-08-29 12:23:36.000000",3.0,7.79,5.0,N,226.0,180.0,1.0,72.8,0.0,0.5,14.72,0.0,0.3,88.32,0.0
2.0,"2019-08-29 12:42:48.000000","2019-08-29 12:56:24.000000",1.0,6.31,1.0,N,132.0,180.0,2.0,19.0,0.0,0.5,0.0,0.0,0.3,19.8,0.0
1.0,"2019-08-29 13:39:00.000000","2019-08-29 14:35:27.000000",1.0,12.3,2.0,N,144.0,180.0,1.0,52.0,2.5,0.5,11.05,0.0,0.3,66.35,2.5
2.0,"2019-08-29 14:00:22.000000","2019-08-29 14:15:27.000000",2.0,5.68,1.0,N,132.0,180.0,2.0,19.0,0.0,0.5,0.0,0.0,0.3,19.8,0.0
2.0,"2019-08-29 15:24:02.000000","2019-08-29 16:15:14.000000",1.0,11.57,2.0,N,230.0,180.0,1.0,52.0,0.0,0.5,15.36,6.12,0.3,76.78,2.5
2.0,"2019-08-29 16:46:46.000000","2019-08-29 17:01:55.000000",1.0,6.08,1.0,N,132.0,180.0,2.0,19.5,1.0,0.5,0.0,0.0,0.3,21.3,0.0
2.0,"2019-08-29 16:25:16.000000","2019-08-29 16:42:41.000000",1.0,5.66,1.0,N,132.0,180.0,2.0,19.0,1.0,0.5,0.0,0.0,0.3,20.8,0.0
2.0,"2019-08-29 17:41:00.000000","2019-08-29 17:58:41.000000",1.0,5.71,1.0,N,132.0,180.0,2.0,19.0,1.0,0.5,0.0,0.0,0.3,20.8,0.0
2.0,"2019-08-29 17:22:18.000000","2019-08-29 17:57:58.000000",1.0,7.23,1.0,N,165.0,180.0,1.0,28.5,1.0,0.5,0.0,0.0,0.3,30.3,0.0
2.0,"2019-08-29 18:46:10.000000","2019-08-29 19:30:42.000000",1.0,9.9,1.0,N,138.0,180.0,1.0,34.0,1.0,0.5,7.16,0.0,0.3,42.96,0.0
2.0,"2019-08-29 17:14:19.000000","2019-08-29 17:30:25.000000",1.0,6.4,1.0,N,132.0,180.0,2.0,20.0,1.0,0.5,0.0,0.0,0.3,21.8,0.0
2.0,"2019-08-29 19:44:09.000000","2019-08-29 19:47:43.000000",1.0,0.98,1.0,N,76.0,180.0,2.0,5.0,1.0,0.5,0.0,0.0,0.3,6.8,0.0
1.0,"2019-08-29 20:56:16.000000","2019-08-29 21:14:24.000000",3.0,5.7,1.0,N,132.0,180.0,2.0,19.0,0.5,0.5,0.0,0.0,0.3,20.3,0.0
1.0,"2019-08-29 20:05:56.000000","2019-08-29 20:51:25.000000",1.0,12.0,2.0,N,234.0,180.0,3.0,52.0,2.5,0.5,0.0,6.12,0.3,61.42,2.5
1.0,"2019-08-29 21:39:40.000000","2019-08-29 22:16:48.000000",1.0,12.5,1.0,N,234.0,180.0,1.0,39.0,3.0,0.5,8.0,6.12,0.3,56.92,2.5
1.0,"2019-08-29 22:19:36.000000","2019-08-29 22:59:02.000000",1.0,0.0,1.0,N,41.0,180.0,1.0,39.2,0.0,0.5,0.0,6.12,0.3,46.12,0.0
2.0,"2019-08-29 23:37:19.000000","2019-08-29 23:51:30.000000",3.0,6.77,1.0,N,132.0,180.0,2.0,20.5,0.5,0.5,0.0,0.0,0.3,21.8,0.0
2.0,"2019-08-30 00:12:25.000000","2019-08-30 00:35:33.000000",1.0,9.24,1.0,N,132.0,180.0,1.0,28.0,0.5,0.5,5.86,0.0,0.3,35.16,0.0
2.0,"2019-08-30 02:53:24.000000","2019-08-30 03:05:48.000000",2.0,6.58,1.0,N,132.0,180.0,2.0,19.5,0.5,0.5,0.0,0.0,0.3,20.8,0.0
1.0,"2019-08-30 05:42:13.000000","2019-08-30 05:54:26.000000",1.0,5.4,1.0,N,132.0,180.0,2.0,17.5,0.5,0.5,0.0,0.0,0.3,18.8,0.0
2.0,"2019-08-30 08:36:48.000000","2019-08-30 08:50:01.000000",4.0,6.34,1.0,N,132.0,180.0,1.0,19.0,0.0,0.5,3.96,0.0,0.3,23.76,0.0
2.0,"2019-08-30 10:20:00.000000","2019-08-30 10:40:13.000000",1.0,4.18,1.0,N,82.0,180.0,1.0,17.0,0.0,0.5,3.9,0.0,0.3,21.7,0.0
2.0,"2019-08-30 12:17:21.000000","2019-08-30 12:32:47.000000",1.0,5.94,1.0,N,132.0,180.0,2.0,19.0,0.0,0.5,0.0,0.0,0.3,19.8,0.0
2.0,"2019-08-30 13:34:23.000000","2019-08-30 13:51:25.000000",4.0,5.85,1.0,N,132.0,180.0,2.0,19.0,0.0,0.5,0.0,0.0,0.3,19.8,0.0
2.0,"2019-08-30 14:38:32.000000","2019-08-30 15:34:25.000000",6.0,11.0,1.0,N,107.0,180.0,1.0,43.0,0.0,0.5,5.0,6.12,0.3,57.42,2.5
1.0,"2019-08-30 14:45:02.000000","2019-08-30 14:57:36.000000",1.0,5.3,1.0,N,132.0,180.0,2.0,17.0,0.0,0.5,0.0,0.0,0.3,17.8,0.0
2.0,"2019-08-30 16:25:36.000000","2019-08-30 16:41:16.000000",1.0,6.2,1.0,N,132.0,180.0,2.0,19.0,1.0,0.5,0.0,0.0,0.3,20.8,0.0
1.0,"2019-08-30 16:45:15.000000","2019-08-30 17:47:33.000000",2.0,12.2,1.0,N,100.0,180.0,2.0,45.0,3.5,0.5,0.0,0.0,0.3,49.3,2.5
2.0,"2019-08-30 16:33:32.000000","2019-08-30 17:53:06.000000",1.0,18.05,1.0,N,140.0,180.0,1.0,57.5,1.0,0.5,20.38,6.12,0.3,88.3,2.5
1.0,"2019-08-30 16:19:59.000000","2019-08-30 17:27:46.000000",1.0,8.9,1.0,Y,138.0,180.0,2.0,43.5,1.0,0.5,0.0,0.0,0.3,45.3,0.0
2.0,"2019-08-30 18:42:49.000000","2019-08-30 19:07:33.000000",2.0,6.4,1.0,N,260.0,180.0,2.0,22.0,1.0,0.5,0.0,0.0,0.3,23.8,0.0
2.0,"2019-08-30 18:33:08.000000","2019-08-30 18:52:09.000000",5.0,6.31,1.0,N,132.0,180.0,2.0,20.5,1.0,0.5,0.0,0.0,0.3,22.3,0.0
1.0,"2019-08-30 18:19:53.000000","2019-08-30 18:48:51.000000",1.0,0.0,1.0,N,25.0,180.0,1.0,24.2,0.0,0.5,0.0,0.0,0.3,25.0,0.0
2.0,"2019-08-30 19:03:25.000000","2019-08-30 19:24:55.000000",2.0,5.65,1.0,N,132.0,180.0,2.0,16.5,1.0,0.5,0.0,0.0,0.3,18.3,0.0
2.0,"2019-08-30 19:16:37.000000","2019-08-30 19:42:06.000000",1.0,6.12,1.0,N,132.0,180.0,2.0,22.5,1.0,0.5,0.0,0.0,0.3,24.3,0.0
1.0,"2019-08-30 19:34:43.000000","2019-08-30 19:53:23.000000",1.0,5.2,1.0,N,132.0,180.0,2.0,18.5,1.0,0.5,0.0,0.0,0.3,20.3,0.0
2.0,"2019-08-30 19:18:16.000000","2019-08-30 19:54:51.000000",2.0,10.79,1.0,N,258.0,180.0,1.0,36.0,1.0,0.5,9.28,6.12,0.3,55.7,2.5
1.0,"2019-08-30 19:28:02.000000","2019-08-30 19:45:47.000000",2.0,4.9,1.0,N,132.0,180.0,2.0,17.5,1.0,0.5,0.0,0.0,0.3,19.3,0.0
1.0,"2019-08-30 20:24:20.000000","2019-08-30 21:08:46.000000",1.0,13.8,1.0,N,87.0,180.0,1.0,44.5,3.0,0.5,0.0,0.0,0.3,48.3,2.5
1.0,"2019-08-31 00:42:17.000000","2019-08-31 01:18:15.000000",1.0,12.8,1.0,N,114.0,180.0,4.0,39.5,3.0,0.5,0.0,0.0,0.3,43.3,2.5
2.0,"2019-08-31 02:27:42.000000","2019-08-31 03:02:54.000000",1.0,12.03,1.0,N,48.0,180.0,1.0,38.0,0.5,0.5,12.54,0.0,0.3,54.34,2.5
2.0,"2019-08-31 02:02:41.000000","2019-08-31 02:14:12.000000",2.0,6.5,1.0,N,132.0,180.0,1.0,19.0,0.5,0.5,4.06,0.0,0.3,24.36,0.0
1.0,"2019-08-31 04:33:59.000000","2019-08-31 04:47:20.000000",1.0,6.3,1.0,N,132.0,180.0,2.0,19.0,0.5,0.5,0.0,0.0,0.3,20.3,0.0
2.0,"2019-08-31 07:41:46.000000","2019-08-31 07:54:47.000000",4.0,5.87,1.0,N,132.0,180.0,2.0,18.5,0.0,0.5,0.0,0.0,0.3,19.3,0.0
2.0,"2019-08-31 08:35:54.000000","2019-08-31 08:57:56.000000",5.0,12.77,1.0,N,138.0,180.0,1.0,35.0,0.0,0.5,7.16,0.0,0.3,42.96,0.0
2.0,"2019-08-31 10:07:38.000000","2019-08-31 10:47:26.000000",1.0,13.0,1.0,N,50.0,180.0,2.0,41.0,0.0,0.5,0.0,6.12,0.3,50.42,2.5
2.0,"2019-08-31 11:42:03.000000","2019-08-31 12:43:26.000000",1.0,13.64,1.0,N,68.0,180.0,2.0,48.0,0.0,0.5,0.0,0.0,0.3,51.3,2.5
2.0,"2019-08-31 11:52:09.000000","2019-08-31 12:20:12.000000",1.0,4.11,1.0,N,132.0,180.0,2.0,21.5,0.0,0.5,0.0,0.0,0.3,22.3,0.0
1.0,"2019-08-31 15:45:02.000000","2019-08-31 16:22:27.000000",1.0,13.0,1.0,N,138.0,180.0,1.0,38.0,0.0,0.5,0.0,0.0,0.3,38.8,0.0
2.0,"2019-08-31 16:26:22.000000","2019-08-31 16:47:14.000000",1.0,8.06,1.0,N,132.0,180.0,2.0,24.5,0.0,0.5,0.0,0.0,0.3,25.3,0.0
1.0,"2019-08-31 16:09:50.000000","2019-08-31 16:28:54.000000",1.0,5.7,1.0,N,132.0,180.0,2.0,19.5,0.0,0.5,0.0,0.0,0.3,20.3,0.0
2.0,"2019-08-31 17:42:40.000000","2019-08-31 17:59:27.000000",6.0,5.84,1.0,N,132.0,180.0,2.0,19.5,0.0,0.5,0.0,0.0,0.3,20.3,0.0
2.0,"2019-08-31 17:34:14.000000","2019-08-31 17:48:01.000000",2.0,5.59,1.0,N,132.0,180.0,2.0,17.5,0.0,0.5,0.0,0.0,0.3,18.3,0.0
2.0,"2019-08-31 18:23:39.000000","2019-08-31 19:05:10.000000",5.0,14.3,1.0,N,45.0,180.0,2.0,43.5,0.0,0.5,0.0,0.0,0.3,46.8,2.5
2.0,"2019-08-31 22:32:25.000000","2019-08-31 22:45:19.000000",1.0,5.57,1.0,N,132.0,180.0,2.0,16.5,0.5,0.5,0.0,0.0,0.3,17.8,0.0
2.0,"2019-08-31 23:50:56.000000","2019-09-01 00:13:20.000000",1.0,6.45,1.0,N,132.0,180.0,1.0,20.5,0.5,0.5,5.22,0.0,0.3,27.02,0.0
,"2019-08-03 09:19:00.000000","2019-08-03 09:39:00.000000",,7.58,,,135.0,180.0,,27.1,5.5,0.5,0.0,0.0,0.3,33.4,0.0
,"2019-08-01 06:41:00.000000","2019-08-01 06:57:09.000000",,4.57,,,196.0,180.0,,29.17,2.75,0.0,0.0,0.0,0.3,32.22,0.0
,"2019-08-01 06:06:00.000000","2019-08-01 06:19:00.000000",,3.32,,,10.0,180.0,,24.36,2.75,0.5,0.0,0.0,0.3,27.91,0.0
,"2019-08-02 13:34:00.000000","2019-08-02 14:33:00.000000",,11.01,,,45.0,180.0,,45.18,2.75,0.5,0.0,0.0,0.3,48.73,0.0
,"2019-08-02 15:44:00.000000","2019-08-02 16:54:00.000000",,10.82,,,232.0,180.0,,53.75,2.75,0.5,0.0,0.0,0.3,57.3,0.0
,"2019-08-04 22:28:00.000000","2019-08-04 22:56:00.000000",,6.81,,,17.0,180.0,,32.45,2.75,0.5,0.0,0.0,0.3,36.0,0.0
,"2019-08-05 14:09:00.000000","2019-08-05 14:52:00.000000",,9.29,,,146.0,180.0,,56.45,2.75,0.5,0.0,0.0,0.3,60.0,0.0
,"2019-08-07 10:26:00.000000","2019-08-07 10:38:00.000000",,1.58,,,258.0,180.0,,24.36,2.75,0.5,0.0,0.0,0.3,27.91,0.0
,"2019-08-07 17:18:07.000000","2019-08-07 18:38:58.000000",,11.38,,,87.0,180.0,,58.5,2.75,0.0,0.0,0.0,0.3,61.55,0.0
,"2019-08-09 12:18:00.000000","2019-08-09 13:23:00.000000",,13.0,,,143.0,180.0,,47.63,2.75,0.5,0.0,0.0,0.3,51.18,0.0
,"2019-08-06 15:55:00.000000","2019-08-06 16:59:00.000000",,11.74,,,142.0,180.0,,44.88,5.5,0.5,0.0,0.0,0.3,51.18,0.0
,"2019-08-06 16:22:00.000000","2019-08-06 17:17:00.000000",,9.24,,,146.0,180.0,,48.3,5.5,0.5,0.0,0.0,0.3,54.6,0.0
,"2019-08-12 13:42:00.000000","2019-08-12 13:58:00.000000",,3.4,,,102.0,180.0,,10.76,2.75,0.5,0.0,12.24,0.3,26.55,0.0
,"2019-08-12 16:36:00.000000","2019-08-12 17:27:00.000000",,11.69,,,186.0,180.0,,32.32,2.75,0.5,0.0,6.12,0.3,41.99,0.0
,"2019-08-13 12:06:15.000000","2019-08-13 12:52:42.000000",,24.19,,,143.0,180.0,,42.01,2.75,0.0,0.0,6.12,0.3,51.18,0.0
,"2019-08-11 19:23:00.000000","2019-08-11 19:50:00.000000",,5.39,,,61.0,180.0,,26.2,5.5,0.5,0.0,0.0,0.3,32.5,0.0
,"2019-08-11 20:38:00.000000","2019-08-11 21:18:00.000000",,11.7,,,90.0,180.0,,42.23,2.75,0.5,0.0,6.12,0.3,51.9,0.0
,"2019-08-16 19:35:00.000000","2019-08-16 20:13:00.000000",,12.83,,,90.0,180.0,,44.93,2.75,0.5,0.0,6.12,0.3,54.6,0.0
,"2019-08-17 16:35:59.000000","2019-08-17 17:04:32.000000",,8.26,,,91.0,180.0,,43.4,5.5,0.0,0.0,0.0,0.3,49.2,0.0
,"2019-08-19 11:00:00.000000","2019-08-19 11:35:00.000000",,11.02,,,170.0,180.0,,26.78,5.5,0.5,0.0,6.12,0.3,39.2,0.0
,"2019-08-20 06:15:21.000000","2019-08-20 06:29:17.000000",,4.37,,,219.0,180.0,,26.24,2.75,0.0,0.0,0.0,0.3,29.29,0.0
,"2019-08-19 13:02:14.000000","2019-08-19 13:42:54.000000",,12.51,,,107.0,180.0,,30.03,2.75,0.0,0.0,6.12,0.3,39.2,0.0
,"2019-08-18 21:22:00.000000","2019-08-18 22:07:00.000000",,12.76,,,142.0,180.0,,38.76,5.5,0.5,0.0,6.12,0.3,51.18,0.0
,"2019-08-20 11:37:00.000000","2019-08-20 11:51:00.000000",,2.99,,,197.0,180.0,,18.51,2.75,0.5,0.0,0.0,0.3,22.06,0.0
,"2019-08-21 08:06:00.000000","2019-08-21 08:21:00.000000",,6.22,,,218.0,180.0,,24.36,2.75,0.5,0.0,0.0,0.3,27.91,0.0
,"2019-08-23 20:18:00.000000","2019-08-23 20:48:00.000000",,12.86,,,101.0,180.0,,34.6,0.0,0.5,0.0,0.0,0.3,35.4,0.0
,"2019-08-24 16:52:51.000000","2019-08-24 17:44:00.000000",,15.82,,,41.0,180.0,,44.18,0.0,0.0,0.0,6.12,0.3,50.6,0.0
,"2019-08-24 21:56:00.000000","2019-08-24 22:31:00.000000",,11.93,,,90.0,180.0,,42.23,2.75,0.5,0.0,6.12,0.3,51.9,0.0
,"2019-08-26 13:39:00.000000","2019-08-26 14:13:00.000000",,10.74,,,141.0,180.0,,54.03,2.75,0.5,0.0,0.0,0.3,57.58,0.0
,"2019-08-27 05:20:00.000000","2019-08-27 05:31:00.000000",,5.26,,,218.0,180.0,,32.45,2.75,0.5,0.0,0.0,0.3,36.0,0.0
,"2019-08-28 12:01:00.000000","2019-08-28 12:59:00.000000",,10.42,,,49.0,180.0,,35.95,2.75,0.5,0.0,0.0,0.3,39.5,0.0
,"2019-08-28 15:30:00.000000","2019-08-28 16:32:00.000000",,11.01,,,231.0,180.0,,82.45,2.75,0.5,0.0,0.0,0.3,86.0,0.0
,"2019-08-23 13:35:00.000000","2019-08-23 13:46:00.000000",,3.36,,,102.0,180.0,,23.0,2.75,0.5,0.0,0.0,0.3,26.55,0.0
,"2019-08-29 11:55:00.000000","2019-08-29 12:43:00.000000",,12.07,,,234.0,180.0,,34.69,2.75,0.5,0.0,6.12,0.3,44.36,0.0
