2.0,"2019-08-01 04:23:41.000000","2019-08-01 04:50:05.000000",1.0,21.93,1.0,N,133.0,183.0,2.0,58.0,0.5,0.5,0.0,0.0,0.3,61.8,2.5
2.0,"2019-08-01 08:04:36.000000","2019-08-01 08:36:01.000000",3.0,9.65,1.0,N,138.0,183.0,2.0,31.5,0.0,0.5,0.0,6.12,0.3,38.42,0.0
2.0,"2019-08-01 09:02:41.000000","2019-08-01 09:22:17.000000",1.0,10.04,1.0,N,138.0,183.0,2.0,28.5,0.0,0.5,0.0,0.0,0.3,29.3,0.0
1.0,"2019-08-01 12:36:50.000000","2019-08-01 12:58:10.000000",2.0,10.1,1.0,N,138.0,183.0,1.0,30.0,0.0,0.5,9.23,6.12,0.3,46.15,0.0
1.0,"2019-08-01 14:48:31.000000","2019-08-01 15:10:46.000000",1.0,10.1,1.0,N,138.0,183.0,2.0,30.0,0.0,0.5,0.0,6.12,0.3,36.92,0.0
2.0,"2019-08-01 16:15:53.000000","2019-08-01 17:16:03.000000",1.0,11.55,1.0,N,236.0,183.0,2.0,43.5,1.0,0.5,0.0,0.0,0.3,47.8,2.5
1.0,"2019-08-01 18:02:25.000000","2019-08-01 18:57:37.000000",1.0,11.1,1.0,N,229.0,183.0,1.0,40.5,3.5,0.5,1.5,0.0,0.3,46.3,2.5
1.0,"2019-08-01 18:24:52.000000","2019-08-01 19:27:40.000000",1.0,0.0,1.0,N,163.0,183.0,1.0,32.2,0.0,0.5,0.0,0.0,0.3,33.0,0.0
2.0,"2019-08-01 18:11:09.000000","2019-08-01 18:48:27.000000",5.0,16.97,1.0,N,132.0,183.0,1.0,48.5,1.0,0.5,14.1,6.12,0.3,70.52,0.0
2.0,"2019-08-01 21:13:09.000000","2019-08-01 21:42:25.000000",3.0,8.94,1.0,N,247.0,183.0,2.0,26.0,0.5,0.5,0.0,0.0,0.3,27.3,0.0
2.0,"2019-08-01 22:30:03.000000","2019-08-01 22:57:53.000000",2.0,15.56,1.0,N,48.0,183.0,2.0,43.0,0.5,0.5,0.0,0.0,0.3,46.8,2.5
1.0,"2019-08-01 22:43:17.000000","2019-08-01 22:58:25.000000",1.0,5.7,1.0,N,126.0,183.0,1.0,19.0,0.5,0.5,0.0,0.0,0.3,20.3,0.0
2.0,"2019-08-01 22:25:40.000000","2019-08-01 23:00:48.000000",1.0,11.55,1.0,N,142.0,183.0,2.0,37.5,0.5,0.5,0.0,0.0,0.3,41.3,2.5
2.0,"2019-08-01 23:40:33.000000","2019-08-02 00:04:55.000000",1.0,13.0,1.0,N,230.0,183.0,1.0,36.5,0.5,0.5,3.0,0.0,0.3,43.3,2.5
2.0,"2019-08-01 23:00:42.000000","2019-08-01 23:26:20.000000",1.0,13.73,1.0,N,137.0,183.0,1.0,38.0,0.5,0.5,8.36,0.0,0.3,50.16,2.5
2.0,"2019-08-02 00:57:08.000000","2019-08-02 01:13:02.000000",1.0,8.24,1.0,N,74.0,183.0,1.0,24.5,0.5,0.5,5.16,0.0,0.3,30.96,0.0
2.0,"2019-08-02 02:35:28.000000","2019-08-02 02:58:07.000000",1.0,15.23,1.0,N,48.0,183.0,1.0,41.5,0.5,0.5,5.0,0.0,0.3,50.3,2.5
1.0,"2019-08-02 03:41:05.000000","2019-08-02 04:01:06.000000",1.0,0.0,1.0,N,74.0,183.0,1.0,26.2,0.0,0.5,0.0,6.12,0.3,33.12,0.0
2.0,"2019-08-02 05:09:12.000000","2019-08-02 05:16:14.000000",2.0,3.05,1.0,N,51.0,183.0,2.0,10.5,0.5,0.5,0.0,0.0,0.3,11.8,0.0
2.0,"2019-08-02 09:39:02.000000","2019-08-02 09:50:35.000000",1.0,1.78,1.0,N,81.0,183.0,1.0,10.5,0.0,0.5,0.0,0.0,0.3,11.3,0.0
1.0,"2019-08-02 11:14:14.000000","2019-08-02 11:30:17.000000",1.0,4.2,1.0,N,213.0,183.0,1.0,15.5,0.0,0.5,0.0,0.0,0.3,16.3,0.0
2.0,"2019-08-02 12:42:59.000000","2019-08-02 13:26:05.000000",2.0,10.0,1.0,N,138.0,183.0,1.0,36.0,0.0,0.5,7.0,6.12,0.3,49.92,0.0
1.0,"2019-08-02 14:55:39.000000","2019-08-02 15:58:00.000000",1.0,11.4,1.0,N,233.0,183.0,1.0,43.5,2.5,0.5,2.0,0.0,0.3,48.8,2.5
2.0,"2019-08-02 16:07:35.000000","2019-08-02 17:01:42.000000",1.0,17.11,1.0,N,132.0,183.0,1.0,50.5,1.0,0.5,0.0,6.12,0.3,58.42,0.0
1.0,"2019-08-02 17:35:14.000000","2019-08-02 18:02:47.000000",1.0,0.0,1.0,N,96.0,183.0,1.0,48.2,0.0,0.5,0.0,6.12,0.3,55.12,0.0
1.0,"2019-08-02 18:43:21.000000","2019-08-02 19:25:54.000000",3.0,16.2,1.0,N,132.0,183.0,2.0,46.5,1.0,0.5,0.0,6.12,0.3,54.42,0.0
1.0,"2019-08-02 23:56:08.000000","2019-08-03 00:12:10.000000",2.0,8.7,1.0,N,247.0,183.0,2.0,25.0,0.5,0.5,0.0,0.0,0.3,26.3,0.0
2.0,"2019-08-03 00:54:27.000000","2019-08-03 01:21:14.000000",2.0,15.24,1.0,N,48.0,183.0,2.0,42.0,0.5,0.5,0.0,0.0,0.3,45.8,2.5
2.0,"2019-08-03 00:28:00.000000","2019-08-03 00:49:59.000000",1.0,7.58,1.0,N,74.0,183.0,2.0,24.5,0.5,0.5,0.0,0.0,0.3,25.8,0.0
2.0,"2019-08-03 00:56:55.000000","2019-08-03 01:19:33.000000",1.0,14.19,1.0,N,143.0,183.0,1.0,38.5,0.5,0.5,0.0,0.0,0.3,42.3,2.5
2.0,"2019-08-03 02:15:29.000000","2019-08-03 02:36:51.000000",1.0,9.12,1.0,N,75.0,183.0,1.0,27.5,0.5,0.5,2.0,0.0,0.3,30.8,0.0
2.0,"2019-08-03 13:03:16.000000","2019-08-03 13:32:31.000000",5.0,9.37,1.0,N,138.0,183.0,2.0,30.0,0.0,0.5,0.0,6.12,0.3,36.92,0.0
2.0,"2019-08-03 15:12:11.000000","2019-08-03 15:39:12.000000",1.0,10.04,1.0,N,236.0,183.0,2.0,30.5,0.0,0.5,0.0,0.0,0.3,33.8,2.5
2.0,"2019-08-03 15:09:18.000000","2019-08-03 15:35:02.000000",1.0,9.48,1.0,N,75.0,183.0,2.0,29.0,0.0,0.5,0.0,0.0,0.3,29.8,0.0
1.0,"2019-08-03 17:57:25.000000","2019-08-03 18:38:49.000000",1.0,16.3,1.0,N,186.0,183.0,1.0,49.0,2.5,0.5,10.45,0.0,0.3,62.75,2.5
1.0,"2019-08-03 18:23:10.000000","2019-08-03 19:01:14.000000",3.0,17.7,1.0,N,132.0,183.0,1.0,48.5,0.0,0.5,13.85,6.12,0.3,69.27,0.0
2.0,"2019-08-03 18:58:22.000000","2019-08-03 19:52:09.000000",1.0,24.53,1.0,N,155.0,183.0,1.0,65.5,0.0,0.5,0.0,6.12,0.3,72.42,0.0
2.0,"2019-08-03 22:18:09.000000","2019-08-03 22:52:09.000000",1.0,15.65,1.0,N,48.0,183.0,1.0,44.5,0.5,0.5,9.66,0.0,0.3,57.96,2.5
1.0,"2019-08-03 23:41:45.000000","2019-08-04 00:19:28.000000",1.0,12.0,1.0,N,238.0,183.0,1.0,35.5,0.5,0.5,9.15,0.0,0.3,45.95,0.0
2.0,"2019-08-03 23:57:11.000000","2019-08-04 00:35:22.000000",1.0,13.78,1.0,N,186.0,183.0,2.0,42.0,0.5,0.5,0.0,0.0,0.3,45.8,2.5
2.0,"2019-08-04 08:24:11.000000","2019-08-04 08:54:06.000000",2.0,15.12,1.0,N,50.0,183.0,1.0,44.0,0.0,0.5,11.82,0.0,0.3,59.12,2.5
2.0,"2019-08-04 11:12:45.000000","2019-08-04 11:38:43.000000",1.0,17.65,1.0,N,132.0,183.0,2.0,47.0,0.0,0.5,0.0,6.12,0.3,53.92,0.0
2.0,"2019-08-04 17:47:36.000000","2019-08-04 18:27:17.000000",1.0,17.23,1.0,N,132.0,183.0,2.0,49.0,0.0,0.5,0.0,6.12,0.3,55.92,0.0
1.0,"2019-08-04 22:09:01.000000","2019-08-04 22:40:20.000000",1.0,15.9,1.0,N,48.0,183.0,1.0,44.0,3.0,0.5,9.55,0.0,0.3,57.35,2.5
2.0,"2019-08-04 22:07:33.000000","2019-08-04 22:39:10.000000",1.0,16.83,1.0,N,132.0,183.0,2.0,46.0,0.5,0.5,0.0,6.12,0.3,53.42,0.0
2.0,"2019-08-05 05:13:09.000000","2019-08-05 05:38:55.000000",1.0,15.82,1.0,N,100.0,183.0,1.0,43.5,0.5,0.5,0.0,0.0,0.3,47.3,2.5
2.0,"2019-08-05 10:10:41.000000","2019-08-05 10:50:05.000000",1.0,12.45,1.0,N,233.0,183.0,2.0,40.0,0.0,0.5,0.0,0.0,0.3,43.3,2.5
2.0,"2019-08-05 11:12:57.000000","2019-08-05 11:40:19.000000",2.0,10.47,1.0,N,140.0,183.0,1.0,32.5,0.0,0.5,0.0,0.0,0.3,33.3,0.0
2.0,"2019-08-05 11:47:23.000000","2019-08-05 12:11:37.000000",1.0,11.58,1.0,N,138.0,183.0,1.0,33.0,0.0,0.5,5.0,6.12,0.3,44.92,0.0
2.0,"2019-08-05 13:40:16.000000","2019-08-05 14:25:01.000000",2.0,23.26,1.0,N,132.0,183.0,1.0,63.0,0.0,0.5,10.0,6.12,0.3,79.92,0.0
1.0,"2019-08-05 14:51:31.000000","2019-08-05 15:33:57.000000",0.0,12.0,1.0,N,233.0,183.0,1.0,38.0,2.5,0.5,0.0,0.0,0.3,41.3,2.5
2.0,"2019-08-05 16:14:02.000000","2019-08-05 16:44:01.000000",1.0,10.02,1.0,N,138.0,183.0,2.0,33.0,1.0,0.5,0.0,6.12,0.3,40.92,0.0
2.0,"2019-08-05 16:59:34.000000","2019-08-05 17:19:25.000000",5.0,9.47,1.0,N,138.0,183.0,2.0,28.0,1.0,0.5,0.0,6.12,0.3,35.92,0.0
1.0,"2019-08-05 20:58:50.000000","2019-08-05 21:27:10.000000",1.0,13.5,1.0,N,170.0,183.0,1.0,39.0,3.0,0.5,5.0,6.12,0.3,53.92,2.5
1.0,"2019-08-05 21:35:59.000000","2019-08-05 21:55:55.000000",2.0,3.7,1.0,N,254.0,183.0,1.0,16.0,0.5,0.5,0.0,0.0,0.3,17.3,0.0
1.0,"2019-08-05 22:47:46.000000","2019-08-05 23:16:52.000000",1.0,13.0,1.0,N,162.0,183.0,1.0,36.5,3.0,0.5,6.04,0.0,0.3,46.34,2.5
1.0,"2019-08-05 22:36:09.000000","2019-08-05 23:07:31.000000",1.0,12.8,1.0,N,170.0,183.0,1.0,38.0,3.0,0.5,5.2,0.0,0.3,47.0,2.5
2.0,"2019-08-06 00:29:30.000000","2019-08-06 00:59:39.000000",1.0,14.2,1.0,N,230.0,183.0,2.0,40.0,0.5,0.5,0.0,0.0,0.3,43.8,2.5
2.0,"2019-08-06 04:02:14.000000","2019-08-06 04:22:58.000000",2.0,11.42,1.0,N,140.0,183.0,1.0,32.0,0.5,0.5,2.0,0.0,0.3,37.8,2.5
2.0,"2019-08-06 14:42:03.000000","2019-08-06 15:07:28.000000",1.0,10.48,1.0,N,138.0,183.0,2.0,31.5,0.0,0.5,0.0,6.12,0.3,38.42,0.0
1.0,"2019-08-06 16:32:25.000000","2019-08-06 17:38:55.000000",1.0,12.1,1.0,N,142.0,183.0,3.0,49.5,3.5,0.5,0.0,0.0,0.3,53.8,2.5
2.0,"2019-08-06 20:23:13.000000","2019-08-06 21:02:49.000000",5.0,17.45,1.0,N,261.0,183.0,2.0,50.5,0.5,0.5,0.0,0.0,0.3,54.3,2.5
2.0,"2019-08-06 22:09:54.000000","2019-08-06 22:35:42.000000",1.0,12.65,1.0,N,170.0,183.0,1.0,36.0,0.5,0.5,7.96,0.0,0.3,47.76,2.5
2.0,"2019-08-06 23:18:25.000000","2019-08-06 23:42:35.000000",2.0,11.63,1.0,N,237.0,183.0,1.0,34.0,0.5,0.5,7.56,0.0,0.3,45.36,2.5
2.0,"2019-08-07 01:15:20.000000","2019-08-07 01:41:08.000000",1.0,11.4,1.0,N,138.0,183.0,2.0,35.0,0.5,0.5,0.0,6.12,0.3,42.42,0.0
2.0,"2019-08-07 03:39:30.000000","2019-08-07 04:14:00.000000",1.0,17.76,1.0,N,249.0,183.0,2.0,50.5,0.5,0.5,0.0,0.0,0.3,54.3,2.5
2.0,"2019-08-07 04:17:15.000000","2019-08-07 04:20:59.000000",2.0,0.0,5.0,N,183.0,183.0,1.0,54.3,0.0,0.0,0.0,0.0,0.3,54.6,0.0
2.0,"2019-08-07 06:43:18.000000","2019-08-07 07:26:09.000000",1.0,26.2,1.0,N,132.0,183.0,2.0,70.5,0.0,0.5,0.0,6.12,0.3,77.42,0.0
2.0,"2019-08-07 21:00:39.000000","2019-08-07 21:32:46.000000",1.0,12.85,1.0,N,170.0,183.0,1.0,38.5,0.5,0.5,5.7,0.0,0.3,48.0,2.5
2.0,"2019-08-07 23:24:08.000000","2019-08-07 23:46:23.000000",5.0,13.03,1.0,N,137.0,183.0,2.0,36.0,0.5,0.5,0.0,0.0,0.3,39.8,2.5
2.0,"2019-08-07 23:57:36.000000","2019-08-08 00:19:52.000000",1.0,16.54,1.0,N,132.0,183.0,1.0,44.5,0.5,0.5,10.38,6.12,0.3,62.3,0.0
1.0,"2019-08-08 03:37:06.000000","2019-08-08 03:56:51.000000",1.0,7.6,1.0,N,119.0,183.0,2.0,24.0,0.5,0.5,0.0,0.0,0.3,25.3,0.0
2.0,"2019-08-08 03:17:17.000000","2019-08-08 03:56:45.000000",1.0,28.31,1.0,N,132.0,183.0,2.0,75.0,0.5,0.5,0.0,0.0,0.3,78.8,2.5
2.0,"2019-08-08 05:42:40.000000","2019-08-08 05:59:16.000000",6.0,9.45,1.0,N,41.0,183.0,2.0,27.5,0.5,0.5,0.0,0.0,0.3,28.8,0.0
1.0,"2019-08-08 13:32:26.000000","2019-08-08 14:16:57.000000",1.0,16.6,1.0,N,132.0,183.0,2.0,49.0,0.0,0.5,0.0,6.12,0.3,55.92,0.0
2.0,"2019-08-08 15:17:51.000000","2019-08-08 16:05:43.000000",1.0,17.03,1.0,N,132.0,183.0,1.0,49.5,0.0,0.5,4.0,6.12,0.3,60.42,0.0
1.0,"2019-08-08 16:22:57.000000","2019-08-08 17:37:11.000000",1.0,0.0,1.0,N,137.0,183.0,1.0,40.2,0.0,0.5,0.0,0.0,0.3,41.0,0.0
1.0,"2019-08-08 17:45:03.000000","2019-08-08 18:24:54.000000",1.0,0.0,1.0,N,140.0,183.0,1.0,28.2,0.0,0.5,0.0,0.0,0.3,29.0,0.0
2.0,"2019-08-08 17:27:15.000000","2019-08-08 18:24:28.000000",1.0,11.71,1.0,N,233.0,183.0,1.0,40.5,1.0,0.5,3.5,0.0,0.3,48.3,2.5
1.0,"2019-08-08 19:40:17.000000","2019-08-08 20:29:17.000000",1.0,16.4,1.0,N,87.0,183.0,1.0,48.0,3.0,0.5,2.0,0.0,0.3,53.8,2.5
2.0,"2019-08-08 18:59:32.000000","2019-08-08 19:27:16.000000",3.0,11.42,1.0,N,138.0,183.0,1.0,33.0,1.0,0.5,8.18,6.12,0.3,49.1,0.0
2.0,"2019-08-08 20:47:09.000000","2019-08-08 21:16:26.000000",1.0,10.22,1.0,N,236.0,183.0,2.0,31.5,0.5,0.5,0.0,0.0,0.3,35.3,2.5
2.0,"2019-08-08 22:01:10.000000","2019-08-08 22:35:42.000000",6.0,17.15,1.0,N,132.0,183.0,2.0,47.0,0.5,0.5,0.0,6.12,0.3,54.42,0.0
2.0,"2019-08-08 22:37:06.000000","2019-08-08 23:18:52.000000",1.0,17.8,1.0,N,125.0,183.0,1.0,51.0,0.5,0.5,2.0,0.0,0.3,56.8,2.5
2.0,"2019-08-08 23:47:39.000000","2019-08-09 00:19:22.000000",2.0,16.18,1.0,N,100.0,183.0,1.0,46.0,0.5,0.5,5.0,0.0,0.3,54.8,2.5
2.0,"2019-08-08 23:02:41.000000","2019-08-08 23:35:42.000000",6.0,13.05,1.0,N,161.0,183.0,1.0,40.5,0.5,0.5,15.13,6.12,0.3,65.55,2.5
2.0,"2019-08-09 01:14:08.000000","2019-08-09 01:43:03.000000",1.0,21.54,1.0,N,132.0,183.0,1.0,57.5,0.5,0.5,6.0,6.12,0.3,70.92,0.0
2.0,"2019-08-09 03:10:02.000000","2019-08-09 03:35:55.000000",1.0,16.98,1.0,N,132.0,183.0,1.0,45.5,0.5,0.5,0.0,6.12,0.3,52.92,0.0
2.0,"2019-08-09 12:32:43.000000","2019-08-09 13:29:51.000000",2.0,17.97,1.0,N,132.0,183.0,1.0,55.5,0.0,0.5,10.0,6.12,0.3,72.42,0.0
2.0,"2019-08-09 14:05:16.000000","2019-08-09 15:03:28.000000",1.0,13.11,1.0,N,233.0,183.0,2.0,45.5,0.0,0.5,0.0,6.12,0.3,54.92,2.5
2.0,"2019-08-09 14:40:34.000000","2019-08-09 14:43:29.000000",1.0,0.14,1.0,N,183.0,183.0,1.0,4.0,0.0,0.5,0.0,0.0,0.3,4.8,0.0
1.0,"2019-08-09 18:53:02.000000","2019-08-09 19:30:38.000000",0.0,12.8,1.0,N,161.0,183.0,1.0,40.5,3.5,0.5,8.95,0.0,0.3,53.75,2.5
2.0,"2019-08-09 18:14:23.000000","2019-08-09 19:12:04.000000",1.0,16.69,1.0,N,231.0,183.0,1.0,53.0,1.0,0.5,0.0,0.0,0.3,54.8,0.0
2.0,"2019-08-09 22:29:52.000000","2019-08-09 22:58:12.000000",1.0,15.87,1.0,N,48.0,183.0,1.0,44.0,0.5,0.5,9.56,0.0,0.3,57.36,2.5
2.0,"2019-08-09 22:17:59.000000","2019-08-09 22:40:48.000000",3.0,10.21,1.0,N,138.0,183.0,1.0,30.5,0.5,0.5,7.58,6.12,0.3,45.5,0.0
1.0,"2019-08-10 16:56:03.000000","2019-08-10 17:22:21.000000",1.0,11.5,1.0,N,233.0,183.0,1.0,33.0,2.5,0.5,1.5,0.0,0.3,37.8,2.5
2.0,"2019-08-10 16:20:42.000000","2019-08-10 16:42:20.000000",1.0,9.53,1.0,N,138.0,183.0,1.0,28.5,0.0,0.5,8.86,6.12,0.3,44.28,0.0
2.0,"2019-08-10 20:48:39.000000","2019-08-10 21:23:42.000000",5.0,16.9,1.0,N,132.0,183.0,1.0,46.0,0.5,0.5,10.68,6.12,0.3,64.1,0.0
2.0,"2019-08-10 21:47:35.000000","2019-08-10 22:23:19.000000",1.0,20.89,1.0,N,132.0,183.0,1.0,56.0,0.5,0.5,12.68,6.12,0.3,76.1,0.0
2.0,"2019-08-10 21:14:12.000000","2019-08-10 21:52:10.000000",2.0,14.0,1.0,N,43.0,183.0,1.0,41.0,0.5,0.5,8.96,0.0,0.3,53.76,2.5
2.0,"2019-08-10 21:10:42.000000","2019-08-10 21:10:52.000000",1.0,0.04,1.0,N,183.0,183.0,2.0,2.5,0.5,0.5,0.0,0.0,0.3,3.8,0.0
2.0,"2019-08-10 22:05:25.000000","2019-08-10 22:32:18.000000",1.0,12.16,1.0,N,161.0,183.0,1.0,35.5,0.5,0.5,7.86,0.0,0.3,47.16,2.5
2.0,"2019-08-10 22:07:59.000000","2019-08-10 22:44:44.000000",2.0,15.48,1.0,N,48.0,183.0,1.0,45.5,0.5,0.5,9.86,0.0,0.3,59.16,2.5
1.0,"2019-08-11 00:18:13.000000","2019-08-11 00:45:45.000000",1.0,12.0,1.0,N,237.0,183.0,2.0,35.5,3.0,0.5,0.0,0.0,0.3,39.3,2.5
2.0,"2019-08-11 01:25:04.000000","2019-08-11 01:51:13.000000",1.0,10.73,1.0,N,237.0,183.0,1.0,32.5,0.5,0.5,0.0,0.0,0.3,36.3,2.5
2.0,"2019-08-11 08:28:37.000000","2019-08-11 08:55:56.000000",1.0,16.15,1.0,N,230.0,183.0,2.0,44.5,0.0,0.5,0.0,0.0,0.3,47.8,2.5
1.0,"2019-08-11 09:45:30.000000","2019-08-11 09:47:23.000000",1.0,0.0,1.0,N,183.0,183.0,1.0,28.2,0.0,0.5,0.0,0.0,0.3,29.0,0.0
1.0,"2019-08-11 13:14:42.000000","2019-08-11 13:35:01.000000",1.0,0.0,1.0,N,74.0,183.0,1.0,26.2,0.0,0.5,0.0,0.0,0.3,27.0,0.0
1.0,"2019-08-11 14:42:52.000000","2019-08-11 15:17:39.000000",1.0,20.2,1.0,N,132.0,183.0,2.0,55.0,0.0,0.5,0.0,6.12,0.3,61.92,0.0
1.0,"2019-08-11 14:01:17.000000","2019-08-11 14:46:09.000000",1.0,16.3,1.0,N,246.0,183.0,2.0,49.0,2.5,0.5,0.0,0.0,0.3,52.3,2.5
2.0,"2019-08-11 14:51:39.000000","2019-08-11 15:28:32.000000",2.0,17.69,1.0,N,132.0,183.0,1.0,48.5,0.0,0.5,2.0,6.12,0.3,57.42,0.0
1.0,"2019-08-11 15:33:38.000000","2019-08-11 16:10:42.000000",1.0,0.0,1.0,N,163.0,183.0,1.0,32.2,0.0,0.5,0.0,0.0,0.3,33.0,0.0
2.0,"2019-08-11 15:35:58.000000","2019-08-11 15:56:53.000000",1.0,9.04,1.0,N,75.0,183.0,2.0,26.5,0.0,0.5,0.0,0.0,0.3,27.3,0.0
1.0,"2019-08-11 22:35:17.000000","2019-08-11 23:04:38.000000",1.0,12.0,1.0,N,163.0,183.0,2.0,35.0,3.0,0.5,0.0,0.0,0.3,38.8,2.5
2.0,"2019-08-11 22:53:31.000000","2019-08-11 22:57:49.000000",1.0,0.79,1.0,N,183.0,183.0,1.0,5.0,0.5,0.5,0.0,0.0,0.3,6.3,0.0
1.0,"2019-08-11 23:27:18.000000","2019-08-11 23:49:44.000000",2.0,17.0,1.0,N,132.0,183.0,1.0,45.5,0.5,0.5,5.29,6.12,0.3,58.21,0.0
2.0,"2019-08-12 00:26:25.000000","2019-08-12 00:50:12.000000",2.0,16.94,1.0,N,132.0,183.0,2.0,45.5,0.5,0.5,0.0,6.12,0.3,52.92,0.0
1.0,"2019-08-12 15:13:20.000000","2019-08-12 15:55:00.000000",6.0,16.9,1.0,N,132.0,183.0,1.0,48.0,0.0,0.5,0.0,6.12,0.3,54.92,0.0
1.0,"2019-08-12 16:30:37.000000","2019-08-12 17:21:45.000000",1.0,11.7,1.0,N,233.0,183.0,1.0,39.0,3.5,0.5,1.0,0.0,0.3,44.3,2.5
2.0,"2019-08-12 17:33:19.000000","2019-08-12 18:15:45.000000",1.0,10.32,1.0,N,236.0,183.0,1.0,36.0,1.0,0.5,8.06,0.0,0.3,48.36,2.5
2.0,"2019-08-12 20:45:01.000000","2019-08-12 21:17:03.000000",1.0,16.62,1.0,N,132.0,183.0,1.0,45.5,0.5,0.5,18.0,6.12,0.3,70.92,0.0
1.0,"2019-08-12 22:41:34.000000","2019-08-12 22:56:57.000000",1.0,8.4,1.0,N,74.0,183.0,2.0,24.0,0.5,0.5,0.0,0.0,0.3,25.3,0.0
2.0,"2019-08-13 08:08:01.000000","2019-08-13 08:30:03.000000",1.0,10.48,1.0,N,138.0,183.0,2.0,30.0,0.0,0.5,0.0,6.12,0.3,36.92,0.0
2.0,"2019-08-13 14:16:05.000000","2019-08-13 14:58:00.000000",1.0,16.47,2.0,N,132.0,183.0,2.0,52.0,0.0,0.5,0.0,6.12,0.3,58.92,0.0
1.0,"2019-08-13 18:08:14.000000","2019-08-13 18:44:20.000000",2.0,20.9,1.0,N,132.0,183.0,2.0,56.0,1.0,0.5,0.0,6.12,0.3,63.92,0.0
2.0,"2019-08-13 20:14:04.000000","2019-08-13 20:51:23.000000",1.0,17.23,1.0,N,90.0,183.0,1.0,49.5,0.5,0.5,5.0,0.0,0.3,58.3,2.5
2.0,"2019-08-13 20:09:52.000000","2019-08-13 20:31:36.000000",6.0,9.62,1.0,N,263.0,183.0,1.0,28.0,0.5,0.5,9.54,0.0,0.3,41.34,2.5
2.0,"2019-08-13 21:09:22.000000","2019-08-13 21:37:25.000000",1.0,12.75,1.0,N,170.0,183.0,1.0,37.5,0.5,0.5,4.7,0.0,0.3,46.0,2.5
2.0,"2019-08-13 21:28:35.000000","2019-08-13 21:59:04.000000",1.0,15.83,1.0,N,100.0,183.0,1.0,44.0,0.5,0.5,9.56,0.0,0.3,57.36,2.5
2.0,"2019-08-13 23:21:19.000000","2019-08-13 23:52:14.000000",1.0,13.68,1.0,N,164.0,183.0,2.0,40.0,0.5,0.5,0.0,0.0,0.3,43.8,2.5
1.0,"2019-08-14 00:15:22.000000","2019-08-14 00:46:43.000000",1.0,0.0,1.0,N,163.0,183.0,1.0,32.2,0.0,0.5,0.0,0.0,0.3,33.0,0.0
1.0,"2019-08-14 08:08:57.000000","2019-08-14 08:54:39.000000",1.0,17.3,1.0,N,132.0,183.0,2.0,51.0,0.0,0.5,0.0,6.12,0.3,57.92,0.0
2.0,"2019-08-14 13:44:52.000000","2019-08-14 14:14:26.000000",6.0,16.56,1.0,N,132.0,183.0,1.0,45.0,0.0,0.5,10.38,6.12,0.3,62.3,0.0
2.0,"2019-08-14 20:29:26.000000","2019-08-14 20:59:29.000000",5.0,16.6,1.0,N,88.0,183.0,1.0,45.0,0.5,0.5,3.0,0.0,0.3,51.8,2.5
1.0,"2019-08-14 21:33:49.000000","2019-08-14 22:05:30.000000",1.0,13.6,1.0,N,164.0,183.0,2.0,40.5,3.0,0.5,0.0,0.0,0.3,44.3,2.5
1.0,"2019-08-14 22:45:48.000000","2019-08-14 23:11:15.000000",1.0,14.7,1.0,N,246.0,183.0,2.0,41.0,3.0,0.5,0.0,0.0,0.3,44.8,2.5
2.0,"2019-08-14 22:54:29.000000","2019-08-14 23:42:13.000000",1.0,13.55,1.0,N,161.0,183.0,2.0,46.5,0.5,0.5,0.0,0.0,0.3,50.3,2.5
2.0,"2019-08-14 23:09:44.000000","2019-08-14 23:40:00.000000",1.0,17.37,1.0,N,87.0,183.0,1.0,47.5,0.5,0.5,10.26,0.0,0.3,61.56,2.5
2.0,"2019-08-15 01:02:39.000000","2019-08-15 01:32:03.000000",2.0,15.34,1.0,N,249.0,183.0,1.0,43.0,0.5,0.5,7.0,0.0,0.3,53.8,2.5
2.0,"2019-08-15 12:56:10.000000","2019-08-15 13:26:06.000000",1.0,16.83,1.0,N,132.0,183.0,2.0,46.5,0.0,0.5,0.0,6.12,0.3,53.42,0.0
2.0,"2019-08-15 15:29:50.000000","2019-08-15 15:55:51.000000",1.0,11.05,1.0,N,138.0,183.0,1.0,32.5,0.0,0.5,9.86,6.12,0.3,49.28,0.0
2.0,"2019-08-15 16:08:49.000000","2019-08-15 16:57:36.000000",1.0,11.38,1.0,N,233.0,183.0,2.0,37.0,1.0,0.5,0.0,0.0,0.3,41.3,2.5
2.0,"2019-08-15 17:42:22.000000","2019-08-15 18:45:38.000000",1.0,21.52,1.0,N,231.0,183.0,1.0,62.5,1.0,0.5,0.0,6.12,0.3,70.42,0.0
2.0,"2019-08-15 17:22:15.000000","2019-08-15 17:47:12.000000",1.0,7.24,1.0,N,235.0,183.0,1.0,25.0,1.0,0.5,0.0,0.0,0.3,26.8,0.0
1.0,"2019-08-15 18:27:27.000000","2019-08-15 19:10:26.000000",1.0,16.8,1.0,N,132.0,183.0,1.0,49.5,1.0,0.5,11.45,6.12,0.3,68.87,0.0
1.0,"2019-08-15 19:05:27.000000","2019-08-15 19:39:44.000000",1.0,13.2,1.0,N,161.0,183.0,1.0,39.0,3.5,0.5,8.65,0.0,0.3,51.95,2.5
2.0,"2019-08-15 20:13:02.000000","2019-08-15 20:37:19.000000",1.0,9.83,1.0,N,263.0,183.0,2.0,29.5,0.5,0.5,0.0,0.0,0.3,33.3,2.5
2.0,"2019-08-15 22:33:29.000000","2019-08-15 23:07:49.000000",1.0,12.67,1.0,N,170.0,183.0,1.0,38.0,0.5,0.5,4.2,0.0,0.3,46.0,2.5
1.0,"2019-08-16 11:17:14.000000","2019-08-16 11:41:45.000000",2.0,5.4,1.0,N,136.0,183.0,1.0,20.0,0.0,0.5,0.0,0.0,0.3,20.8,0.0
2.0,"2019-08-16 11:56:04.000000","2019-08-16 12:00:24.000000",1.0,0.93,1.0,N,242.0,183.0,2.0,5.5,0.0,0.5,0.0,0.0,0.3,6.3,0.0
2.0,"2019-08-16 15:28:37.000000","2019-08-16 16:13:07.000000",1.0,10.74,1.0,N,138.0,183.0,2.0,36.5,0.0,0.5,0.0,6.12,0.3,43.42,0.0
2.0,"2019-08-16 15:58:37.000000","2019-08-16 17:00:33.000000",1.0,12.12,1.0,N,229.0,183.0,1.0,43.0,0.0,0.5,2.0,0.0,0.3,48.3,2.5
2.0,"2019-08-16 17:31:29.000000","2019-08-16 18:35:03.000000",1.0,17.3,1.0,N,231.0,183.0,1.0,53.5,1.0,0.5,0.0,0.0,0.3,55.3,0.0
2.0,"2019-08-16 18:17:23.000000","2019-08-16 18:51:50.000000",1.0,17.02,1.0,N,132.0,183.0,2.0,46.5,1.0,0.5,0.0,5.76,0.3,54.06,0.0
1.0,"2019-08-16 19:15:05.000000","2019-08-16 19:37:57.000000",0.0,10.0,1.0,N,138.0,183.0,2.0,30.0,1.0,0.5,0.0,6.12,0.3,37.92,0.0
2.0,"2019-08-16 21:50:41.000000","2019-08-16 22:16:09.000000",1.0,12.98,1.0,N,170.0,183.0,2.0,36.5,0.5,0.5,0.0,6.12,0.3,46.42,2.5
2.0,"2019-08-16 13:56:03.000000","2019-08-16 14:24:14.000000",1.0,17.94,1.0,N,132.0,183.0,2.0,48.5,0.5,0.5,0.0,6.12,0.3,55.92,0.0
2.0,"2019-08-16 22:38:58.000000","2019-08-16 22:59:12.000000",1.0,11.52,1.0,N,138.0,183.0,2.0,32.5,0.5,0.5,0.0,6.12,0.3,39.92,0.0
1.0,"2019-08-16 23:28:22.000000","2019-08-16 23:57:25.000000",1.0,11.6,1.0,N,237.0,183.0,1.0,34.5,3.0,0.5,0.0,0.0,0.3,38.3,2.5
2.0,"2019-08-17 01:46:07.000000","2019-08-17 02:08:43.000000",4.0,14.5,1.0,N,48.0,183.0,1.0,40.0,0.5,0.5,5.0,0.0,0.3,48.8,2.5
2.0,"2019-08-17 04:45:11.000000","2019-08-17 05:02:16.000000",5.0,6.28,1.0,N,159.0,183.0,1.0,20.5,0.5,0.5,4.36,0.0,0.3,26.16,0.0
1.0,"2019-08-17 04:40:22.000000","2019-08-17 05:14:12.000000",1.0,16.8,1.0,N,249.0,183.0,1.0,46.5,3.0,0.5,10.05,0.0,0.3,60.35,2.5
2.0,"2019-08-17 12:38:40.000000","2019-08-17 13:04:41.000000",1.0,11.32,1.0,N,138.0,183.0,1.0,34.0,0.0,0.5,0.0,6.12,0.3,40.92,0.0
2.0,"2019-08-17 16:26:10.000000","2019-08-17 16:57:07.000000",3.0,15.99,1.0,N,132.0,183.0,1.0,43.0,0.0,0.5,12.48,6.12,0.3,62.4,0.0
2.0,"2019-08-17 16:24:12.000000","2019-08-17 16:54:26.000000",1.0,16.38,1.0,N,132.0,183.0,2.0,44.5,0.0,0.5,0.0,6.12,0.3,51.42,0.0
1.0,"2019-08-17 16:26:25.000000","2019-08-17 16:31:12.000000",1.0,0.9,1.0,N,58.0,183.0,2.0,5.0,0.0,0.5,0.0,0.0,0.3,5.8,0.0
1.0,"2019-08-17 17:58:31.000000","2019-08-17 18:06:57.000000",1.0,1.4,1.0,N,242.0,183.0,1.0,8.0,0.0,0.5,0.0,0.0,0.3,8.8,0.0
2.0,"2019-08-17 18:59:08.000000","2019-08-17 19:40:26.000000",1.0,18.16,1.0,N,132.0,183.0,2.0,51.0,0.0,0.5,0.0,6.12,0.3,57.92,0.0
1.0,"2019-08-17 20:02:28.000000","2019-08-17 20:32:12.000000",1.0,11.7,1.0,N,233.0,183.0,1.0,34.5,3.0,0.5,0.0,0.0,0.3,38.3,2.5
2.0,"2019-08-17 20:28:26.000000","2019-08-17 20:47:08.000000",1.0,9.1,1.0,N,138.0,183.0,2.0,27.0,0.5,0.5,0.0,6.12,0.3,34.42,0.0
2.0,"2019-08-17 22:17:52.000000","2019-08-17 22:36:21.000000",6.0,10.79,1.0,N,138.0,183.0,1.0,30.5,0.5,0.5,3.0,6.12,0.3,40.92,0.0
2.0,"2019-08-17 22:23:34.000000","2019-08-17 22:57:25.000000",1.0,15.61,1.0,N,48.0,183.0,1.0,44.0,0.5,0.5,9.56,0.0,0.3,57.36,2.5
1.0,"2019-08-18 00:16:03.000000","2019-08-18 00:40:57.000000",1.0,11.0,1.0,N,237.0,183.0,1.0,32.5,3.0,0.5,0.0,0.0,0.3,36.3,2.5
2.0,"2019-08-18 01:09:31.000000","2019-08-18 01:37:12.000000",1.0,14.03,1.0,N,79.0,183.0,1.0,39.0,0.5,0.5,0.0,0.0,0.3,42.8,2.5
2.0,"2019-08-18 02:58:50.000000","2019-08-18 03:19:35.000000",1.0,14.56,1.0,N,80.0,183.0,2.0,39.5,0.5,0.5,0.0,6.12,0.3,46.92,0.0
2.0,"2019-08-18 03:02:09.000000","2019-08-18 03:36:10.000000",1.0,13.47,1.0,N,230.0,183.0,2.0,40.0,0.5,0.5,0.0,0.0,0.3,43.8,2.5
2.0,"2019-08-18 04:45:29.000000","2019-08-18 05:00:51.000000",1.0,6.81,1.0,N,168.0,183.0,1.0,21.0,0.5,0.5,0.0,0.0,0.3,24.25,0.0
2.0,"2019-08-18 05:34:09.000000","2019-08-18 05:53:00.000000",6.0,14.51,1.0,N,48.0,183.0,1.0,39.0,0.5,0.5,8.56,0.0,0.3,51.36,2.5
2.0,"2019-08-18 08:42:11.000000","2019-08-18 09:04:07.000000",1.0,17.37,1.0,N,132.0,183.0,1.0,46.0,0.0,0.5,5.0,12.0,0.3,63.8,0.0
2.0,"2019-08-18 16:22:14.000000","2019-08-18 17:05:54.000000",3.0,22.78,1.0,N,132.0,183.0,1.0,61.5,0.0,0.5,5.0,6.12,0.3,73.42,0.0
2.0,"2019-08-18 18:14:11.000000","2019-08-18 18:56:29.000000",1.0,16.11,1.0,N,186.0,183.0,1.0,46.0,0.0,0.5,9.86,0.0,0.3,59.16,2.5
1.0,"2019-08-18 21:42:38.000000","2019-08-18 22:20:48.000000",2.0,18.1,1.0,N,211.0,183.0,1.0,51.0,3.0,0.5,0.0,0.0,0.3,54.8,2.5
2.0,"2019-08-19 01:06:45.000000","2019-08-19 01:26:01.000000",1.0,10.02,1.0,N,138.0,183.0,2.0,29.5,0.5,0.5,0.0,6.12,0.3,36.92,0.0
1.0,"2019-08-19 12:48:57.000000","2019-08-19 13:12:20.000000",1.0,0.0,1.0,N,75.0,183.0,1.0,26.2,0.0,0.5,0.0,0.0,0.3,27.0,0.0
1.0,"2019-08-19 14:42:55.000000","2019-08-19 15:25:38.000000",1.0,0.0,1.0,N,140.0,183.0,1.0,32.2,0.0,0.5,0.0,0.0,0.3,33.0,0.0
2.0,"2019-08-19 16:19:13.000000","2019-08-19 17:08:59.000000",1.0,11.44,1.0,N,233.0,183.0,1.0,38.0,1.0,0.5,1.0,0.0,0.3,43.3,2.5
2.0,"2019-08-19 16:20:19.000000","2019-08-19 16:56:29.000000",1.0,10.86,1.0,N,138.0,183.0,1.0,35.0,1.0,0.5,0.0,6.12,0.3,42.92,0.0
2.0,"2019-08-19 19:34:58.000000","2019-08-19 20:10:16.000000",1.0,13.63,1.0,N,186.0,183.0,2.0,40.5,1.0,0.5,0.0,0.0,0.3,44.8,2.5
1.0,"2019-08-19 20:33:13.000000","2019-08-19 20:56:51.000000",1.0,12.9,1.0,N,170.0,183.0,3.0,36.0,3.0,0.5,0.0,6.12,0.3,45.92,2.5
1.0,"2019-08-19 20:39:26.000000","2019-08-19 21:08:09.000000",1.0,16.7,1.0,N,261.0,183.0,1.0,45.0,3.0,0.5,9.75,0.0,0.3,58.55,2.5
2.0,"2019-08-19 21:17:24.000000","2019-08-19 21:35:38.000000",3.0,10.47,1.0,N,138.0,183.0,1.0,30.0,0.5,0.5,7.48,6.12,0.3,44.9,0.0
2.0,"2019-08-19 21:29:01.000000","2019-08-19 21:44:02.000000",1.0,5.31,1.0,N,75.0,183.0,2.0,17.5,0.5,0.5,0.0,0.0,0.3,18.8,0.0
1.0,"2019-08-19 22:42:22.000000","2019-08-19 23:04:31.000000",1.0,10.8,1.0,N,138.0,183.0,1.0,31.5,0.5,0.5,7.75,6.12,0.3,46.67,0.0
1.0,"2019-08-20 00:32:08.000000","2019-08-20 00:51:19.000000",1.0,12.8,1.0,N,239.0,183.0,3.0,35.0,3.0,0.5,0.0,0.0,0.3,38.8,2.5
2.0,"2019-08-20 01:05:00.000000","2019-08-20 01:32:05.000000",2.0,17.84,1.0,N,132.0,183.0,2.0,47.0,0.5,0.5,0.0,6.12,0.3,54.42,0.0
2.0,"2019-08-20 01:56:57.000000","2019-08-20 02:29:20.000000",1.0,17.45,1.0,N,132.0,183.0,2.0,49.0,0.5,0.5,0.0,6.12,0.3,56.42,0.0
2.0,"2019-08-20 06:29:42.000000","2019-08-20 07:00:22.000000",1.0,17.16,1.0,N,132.0,183.0,2.0,46.5,0.0,0.5,0.0,6.12,0.3,53.42,0.0
1.0,"2019-08-20 10:18:51.000000","2019-08-20 11:47:09.000000",0.0,17.1,1.0,Y,132.0,183.0,2.0,72.0,0.0,0.5,0.0,0.0,0.3,72.8,0.0
2.0,"2019-08-20 10:23:06.000000","2019-08-20 10:58:05.000000",2.0,10.28,1.0,N,138.0,183.0,2.0,33.5,0.0,0.5,0.0,6.12,0.3,40.42,0.0
2.0,"2019-08-20 12:07:26.000000","2019-08-20 13:09:02.000000",4.0,18.93,1.0,N,132.0,183.0,2.0,60.0,0.0,0.5,0.0,6.12,0.3,66.92,0.0
2.0,"2019-08-20 12:47:17.000000","2019-08-20 13:57:56.000000",1.0,24.64,1.0,N,154.0,183.0,1.0,73.0,0.0,0.5,0.0,6.12,0.3,79.92,0.0
1.0,"2019-08-20 14:33:12.000000","2019-08-20 15:14:04.000000",1.0,17.2,1.0,N,132.0,183.0,1.0,48.5,0.0,0.5,11.05,6.12,0.3,66.47,0.0
1.0,"2019-08-20 15:37:32.000000","2019-08-20 16:24:29.000000",1.0,13.8,1.0,N,234.0,183.0,1.0,44.0,2.5,0.5,5.58,6.12,0.3,59.0,2.5
1.0,"2019-08-20 16:56:59.000000","2019-08-20 17:34:09.000000",1.0,0.0,1.0,N,140.0,183.0,1.0,32.2,0.0,0.5,0.0,0.0,0.3,33.0,0.0
1.0,"2019-08-20 17:59:17.000000","2019-08-20 19:03:05.000000",1.0,0.0,1.0,N,231.0,183.0,1.0,40.2,0.0,0.5,0.0,0.0,0.3,41.0,0.0
2.0,"2019-08-20 21:09:54.000000","2019-08-20 21:41:21.000000",5.0,23.48,1.0,N,132.0,183.0,2.0,61.5,0.5,0.5,0.0,6.12,0.3,68.92,0.0
1.0,"2019-08-20 22:32:03.000000","2019-08-20 23:05:21.000000",1.0,17.0,1.0,N,114.0,183.0,2.0,47.0,3.0,0.5,0.0,0.0,0.3,50.8,2.5
2.0,"2019-08-20 22:14:07.000000","2019-08-20 22:47:46.000000",1.0,16.07,1.0,N,48.0,183.0,1.0,45.5,0.5,0.5,9.86,0.0,0.3,59.16,2.5
1.0,"2019-08-20 23:35:54.000000","2019-08-21 00:18:43.000000",1.0,0.0,1.0,N,186.0,183.0,1.0,36.2,0.0,0.5,0.0,0.0,0.3,37.0,0.0
1.0,"2019-08-21 00:10:58.000000","2019-08-21 00:44:59.000000",1.0,0.0,1.0,N,163.0,183.0,1.0,32.2,0.0,0.5,0.0,0.0,0.3,33.0,0.0
1.0,"2019-08-21 01:35:10.000000","2019-08-21 01:56:29.000000",1.0,12.6,1.0,N,161.0,183.0,1.0,35.0,3.0,0.5,7.75,0.0,0.3,46.55,2.5
2.0,"2019-08-21 08:25:44.000000","2019-08-21 09:34:50.000000",1.0,26.73,1.0,N,132.0,183.0,2.0,79.0,0.0,0.5,0.0,6.12,0.3,85.92,0.0
1.0,"2019-08-21 12:54:02.000000","2019-08-21 13:20:01.000000",1.0,9.4,1.0,N,75.0,183.0,3.0,28.5,0.0,0.5,0.0,0.0,0.3,29.3,0.0
2.0,"2019-08-21 15:47:31.000000","2019-08-21 16:43:11.000000",2.0,21.95,1.0,N,132.0,183.0,2.0,61.0,1.0,0.5,0.0,6.12,0.3,68.92,0.0
1.0,"2019-08-21 19:59:24.000000","2019-08-21 20:32:45.000000",1.0,15.5,1.0,N,48.0,183.0,2.0,43.5,3.0,0.5,0.0,0.0,0.3,47.3,2.5
2.0,"2019-08-21 21:11:24.000000","2019-08-21 21:32:29.000000",1.0,14.34,1.0,N,80.0,183.0,2.0,39.0,0.5,0.5,0.0,6.12,0.3,46.42,0.0
2.0,"2019-08-21 21:02:40.000000","2019-08-21 21:37:26.000000",1.0,12.96,1.0,N,164.0,183.0,2.0,38.5,0.5,0.5,0.0,0.0,0.3,42.3,2.5
2.0,"2019-08-21 21:27:39.000000","2019-08-21 21:56:07.000000",1.0,15.54,1.0,N,68.0,183.0,1.0,43.0,0.5,0.5,11.7,0.0,0.3,58.5,2.5
2.0,"2019-08-21 22:39:55.000000","2019-08-21 23:25:57.000000",2.0,14.15,1.0,N,48.0,183.0,1.0,46.0,0.5,0.5,9.96,0.0,0.3,59.76,2.5
2.0,"2019-08-22 00:39:25.000000","2019-08-22 01:12:48.000000",1.0,14.41,1.0,N,107.0,183.0,1.0,42.5,0.5,0.5,3.7,0.0,0.3,50.0,2.5
2.0,"2019-08-22 00:39:27.000000","2019-08-22 00:54:26.000000",1.0,4.66,1.0,N,18.0,183.0,2.0,16.0,0.5,0.5,0.0,0.0,0.3,17.3,0.0
2.0,"2019-08-22 01:12:36.000000","2019-08-22 01:34:23.000000",1.0,14.66,1.0,N,48.0,183.0,1.0,40.0,0.5,0.5,5.0,0.0,0.3,48.8,2.5
2.0,"2019-08-22 01:43:24.000000","2019-08-22 02:08:28.000000",1.0,12.78,1.0,N,170.0,183.0,1.0,36.0,0.5,0.5,5.2,0.0,0.3,45.0,2.5
1.0,"2019-08-22 11:23:09.000000","2019-08-22 12:27:49.000000",1.0,17.7,1.0,N,132.0,183.0,3.0,61.0,0.0,0.5,0.0,6.12,0.3,67.92,0.0
2.0,"2019-08-22 11:48:25.000000","2019-08-22 12:31:32.000000",1.0,17.71,1.0,N,132.0,183.0,2.0,51.5,0.0,0.5,0.0,6.12,0.3,58.42,0.0
1.0,"2019-08-22 16:06:16.000000","2019-08-22 16:57:24.000000",1.0,11.9,1.0,N,229.0,183.0,2.0,38.5,3.5,0.5,0.0,0.0,0.3,42.8,2.5
1.0,"2019-08-22 18:17:06.000000","2019-08-22 18:56:12.000000",1.0,0.0,1.0,N,238.0,183.0,1.0,30.2,0.0,0.5,0.0,0.0,0.3,31.0,0.0
1.0,"2019-08-22 22:17:57.000000","2019-08-22 22:53:42.000000",1.0,12.7,1.0,N,162.0,183.0,1.0,38.0,3.0,0.5,4.2,0.0,0.3,46.0,2.5
1.0,"2019-08-22 22:07:48.000000","2019-08-22 23:02:21.000000",1.0,15.7,1.0,N,48.0,183.0,1.0,50.5,3.0,0.5,10.85,0.0,0.3,65.15,2.5
1.0,"2019-08-22 22:12:29.000000","2019-08-22 22:47:46.000000",2.0,21.8,1.0,N,132.0,183.0,2.0,57.5,0.5,0.5,0.0,6.12,0.3,64.92,0.0
1.0,"2019-08-23 01:14:16.000000","2019-08-23 01:32:46.000000",1.0,10.4,1.0,N,138.0,183.0,1.0,29.5,0.5,0.5,9.2,6.12,0.3,46.12,0.0
2.0,"2019-08-23 02:11:18.000000","2019-08-23 02:56:19.000000",1.0,16.5,1.0,N,234.0,183.0,2.0,48.5,0.5,0.5,0.0,0.0,0.3,52.3,2.5
2.0,"2019-08-23 02:18:52.000000","2019-08-23 02:47:33.000000",1.0,15.19,1.0,N,249.0,183.0,1.0,43.0,0.5,0.5,0.0,0.0,0.3,46.8,2.5
2.0,"2019-08-23 02:15:21.000000","2019-08-23 02:38:38.000000",1.0,17.59,1.0,N,132.0,183.0,2.0,47.0,0.5,0.5,0.0,6.12,0.3,54.42,0.0
1.0,"2019-08-23 03:30:26.000000","2019-08-23 04:00:28.000000",2.0,14.6,1.0,N,186.0,183.0,2.0,43.0,3.0,0.5,0.0,0.0,0.3,46.8,2.5
1.0,"2019-08-23 13:00:41.000000","2019-08-23 13:47:43.000000",2.0,11.7,1.0,N,233.0,183.0,2.0,39.5,2.5,0.5,0.0,0.0,0.3,42.8,2.5
1.0,"2019-08-23 16:10:54.000000","2019-08-23 17:23:11.000000",1.0,16.1,1.0,N,231.0,183.0,2.0,54.5,2.5,0.5,0.0,0.0,0.3,57.8,2.5
2.0,"2019-08-23 16:19:26.000000","2019-08-23 17:06:54.000000",2.0,21.07,1.0,N,132.0,183.0,2.0,59.0,1.0,0.5,0.0,6.12,0.3,66.92,0.0
2.0,"2019-08-23 17:48:09.000000","2019-08-23 18:15:54.000000",1.0,9.99,1.0,N,138.0,183.0,2.0,29.5,1.0,0.5,0.0,6.12,0.3,37.42,0.0
1.0,"2019-08-23 19:52:59.000000","2019-08-23 20:19:08.000000",1.0,12.2,1.0,N,229.0,183.0,1.0,35.5,3.5,0.5,5.0,0.0,0.3,44.8,2.5
2.0,"2019-08-23 20:19:40.000000","2019-08-23 20:34:27.000000",5.0,3.82,1.0,N,94.0,183.0,1.0,14.5,0.5,0.5,3.16,0.0,0.3,18.96,0.0
2.0,"2019-08-23 21:07:16.000000","2019-08-23 21:44:19.000000",1.0,11.44,1.0,N,142.0,183.0,2.0,36.0,0.5,0.5,0.0,0.0,0.3,39.8,2.5
2.0,"2019-08-23 22:01:31.000000","2019-08-23 22:28:06.000000",1.0,15.82,1.0,N,48.0,183.0,1.0,43.0,0.5,0.5,9.36,0.0,0.3,56.16,2.5
2.0,"2019-08-23 23:59:40.000000","2019-08-24 00:21:22.000000",1.0,9.98,1.0,N,236.0,183.0,1.0,29.5,0.5,0.5,8.32,0.0,0.3,41.62,2.5
1.0,"2019-08-23 23:20:20.000000","2019-08-23 23:52:41.000000",1.0,12.1,1.0,N,162.0,183.0,1.0,36.0,3.0,0.5,0.0,0.0,0.3,39.8,2.5
2.0,"2019-08-23 23:37:10.000000","2019-08-24 00:08:10.000000",2.0,15.44,1.0,N,48.0,183.0,1.0,44.5,0.5,0.5,0.0,0.0,0.3,48.3,2.5
2.0,"2019-08-24 00:56:05.000000","2019-08-24 01:29:00.000000",1.0,9.69,1.0,N,263.0,183.0,2.0,31.0,0.5,0.5,0.0,0.0,0.3,34.8,2.5
1.0,"2019-08-24 10:03:33.000000","2019-08-24 10:15:53.000000",1.0,2.8,1.0,N,51.0,183.0,1.0,12.0,0.0,0.5,0.0,0.0,0.3,12.8,0.0
2.0,"2019-08-24 10:14:06.000000","2019-08-24 10:35:01.000000",5.0,10.38,1.0,N,138.0,183.0,2.0,30.0,0.0,0.5,0.0,6.12,0.3,36.92,0.0
2.0,"2019-08-24 14:26:33.000000","2019-08-24 15:06:11.000000",1.0,16.56,1.0,N,132.0,183.0,2.0,46.5,0.0,0.5,0.0,6.12,0.3,53.42,0.0
2.0,"2019-08-24 15:35:49.000000","2019-08-24 15:49:20.000000",3.0,2.07,1.0,N,185.0,183.0,2.0,9.0,0.0,0.5,0.0,0.0,0.3,9.8,0.0
2.0,"2019-08-24 15:49:35.000000","2019-08-24 16:12:16.000000",2.0,10.76,1.0,N,138.0,183.0,2.0,30.5,0.0,0.5,0.0,6.12,0.3,37.42,0.0
2.0,"2019-08-24 16:03:14.000000","2019-08-24 16:27:24.000000",1.0,10.58,1.0,N,138.0,183.0,2.0,30.5,0.0,0.5,0.0,6.12,0.3,37.42,0.0
1.0,"2019-08-24 17:14:45.000000","2019-08-24 17:30:42.000000",1.0,2.1,1.0,N,51.0,183.0,1.0,12.0,0.0,0.5,4.0,0.0,0.3,16.8,0.0
1.0,"2019-08-24 17:01:57.000000","2019-08-24 17:33:51.000000",1.0,0.0,1.0,N,141.0,183.0,1.0,33.2,0.0,0.5,0.0,0.0,0.3,34.0,0.0
1.0,"2019-08-24 18:48:52.000000","2019-08-24 19:25:32.000000",0.0,17.6,1.0,N,132.0,183.0,2.0,48.5,0.0,0.5,0.0,6.12,0.3,55.42,0.0
2.0,"2019-08-24 18:52:32.000000","2019-08-24 19:12:28.000000",1.0,10.73,1.0,N,138.0,183.0,2.0,30.0,0.0,0.5,0.0,6.12,0.3,36.92,0.0
1.0,"2019-08-24 18:16:16.000000","2019-08-24 18:51:40.000000",1.0,11.7,1.0,N,229.0,183.0,1.0,35.0,2.5,0.5,2.0,0.0,0.3,40.3,2.5
1.0,"2019-08-24 21:12:50.000000","2019-08-24 21:28:16.000000",1.0,10.0,1.0,N,138.0,183.0,2.0,27.5,0.5,0.5,0.0,6.12,0.3,34.92,0.0
2.0,"2019-08-24 22:25:03.000000","2019-08-24 23:06:26.000000",1.0,14.23,1.0,N,48.0,183.0,1.0,44.0,0.5,0.5,9.56,0.0,0.3,57.36,2.5
1.0,"2019-08-24 22:09:21.000000","2019-08-24 22:43:44.000000",3.0,16.8,1.0,N,132.0,183.0,2.0,46.5,0.5,0.5,0.0,6.12,0.3,53.92,0.0
1.0,"2019-08-24 22:09:49.000000","2019-08-24 22:45:45.000000",4.0,16.7,1.0,N,132.0,183.0,2.0,46.5,0.5,0.5,0.0,6.12,0.3,53.92,0.0
2.0,"2019-08-25 03:20:58.000000","2019-08-25 03:49:55.000000",1.0,13.75,1.0,N,141.0,183.0,1.0,38.0,0.5,0.5,0.0,0.0,0.3,41.8,2.5
2.0,"2019-08-25 07:51:32.000000","2019-08-25 08:00:17.000000",3.0,2.32,1.0,N,213.0,183.0,2.0,10.0,0.0,0.5,0.0,0.0,0.3,10.8,0.0
2.0,"2019-08-25 10:16:34.000000","2019-08-25 10:50:07.000000",6.0,18.13,1.0,N,132.0,183.0,1.0,50.0,0.0,0.5,0.01,6.12,0.3,56.93,0.0
2.0,"2019-08-25 15:54:36.000000","2019-08-25 16:20:36.000000",1.0,10.25,1.0,N,236.0,183.0,2.0,30.5,0.0,0.5,0.0,0.0,0.3,33.8,2.5
2.0,"2019-08-25 17:27:02.000000","2019-08-25 18:04:40.000000",1.0,16.38,1.0,N,132.0,183.0,2.0,45.5,0.0,0.5,0.0,6.12,0.3,52.42,0.0
1.0,"2019-08-25 20:30:18.000000","2019-08-25 20:51:33.000000",1.0,3.9,1.0,N,32.0,183.0,1.0,18.0,0.5,0.5,0.0,0.0,0.3,19.3,0.0
1.0,"2019-08-26 05:16:04.000000","2019-08-26 05:38:43.000000",1.0,9.3,1.0,N,263.0,183.0,1.0,28.0,3.0,0.5,3.0,0.0,0.3,34.8,2.5
1.0,"2019-08-26 08:28:34.000000","2019-08-26 09:05:42.000000",1.0,16.4,1.0,N,132.0,183.0,1.0,46.0,0.0,0.5,10.55,6.12,0.3,63.47,0.0
1.0,"2019-08-26 10:26:41.000000","2019-08-26 10:42:58.000000",2.0,2.2,1.0,N,250.0,183.0,1.0,12.0,0.0,0.5,0.0,0.0,0.3,12.8,0.0
2.0,"2019-08-26 12:15:44.000000","2019-08-26 12:38:45.000000",1.0,11.17,1.0,N,138.0,183.0,1.0,32.0,0.0,0.5,20.0,6.12,0.3,58.92,0.0
2.0,"2019-08-26 13:00:14.000000","2019-08-26 13:39:17.000000",2.0,12.86,1.0,N,161.0,183.0,2.0,40.0,0.0,0.5,0.0,0.0,0.3,43.3,2.5
2.0,"2019-08-26 15:27:52.000000","2019-08-26 15:50:53.000000",5.0,10.85,1.0,N,138.0,183.0,2.0,31.5,0.0,0.5,0.0,6.12,0.3,38.42,0.0
2.0,"2019-08-26 16:20:45.000000","2019-08-26 17:10:39.000000",3.0,22.46,1.0,N,132.0,183.0,2.0,62.0,1.0,0.5,0.0,6.12,0.3,69.92,0.0
2.0,"2019-08-26 16:46:23.000000","2019-08-26 17:38:57.000000",1.0,13.11,1.0,N,170.0,183.0,1.0,44.0,1.0,0.5,9.66,0.0,0.3,57.96,2.5
2.0,"2019-08-26 16:48:00.000000","2019-08-26 17:29:06.000000",1.0,16.75,1.0,N,132.0,183.0,1.0,47.5,1.0,0.5,11.08,6.12,0.3,66.5,0.0
2.0,"2019-08-26 16:32:18.000000","2019-08-26 17:28:55.000000",1.0,11.7,1.0,N,229.0,183.0,2.0,43.5,1.0,0.5,0.0,0.0,0.3,47.8,2.5
2.0,"2019-08-26 16:55:02.000000","2019-08-26 17:42:23.000000",1.0,21.57,1.0,N,132.0,183.0,1.0,60.0,1.0,0.5,13.58,6.12,0.3,81.5,0.0
2.0,"2019-08-26 19:25:24.000000","2019-08-26 19:51:56.000000",1.0,13.48,1.0,N,162.0,183.0,1.0,37.5,1.0,0.5,9.58,6.12,0.3,57.5,2.5
2.0,"2019-08-26 20:21:34.000000","2019-08-26 20:48:03.000000",2.0,10.19,1.0,N,166.0,183.0,2.0,31.0,0.5,0.5,0.0,0.0,0.3,32.3,0.0
2.0,"2019-08-26 20:05:28.000000","2019-08-26 20:24:33.000000",1.0,10.16,1.0,N,263.0,183.0,2.0,29.0,0.5,0.5,0.0,0.0,0.3,32.8,2.5
2.0,"2019-08-26 21:34:40.000000","2019-08-26 21:55:59.000000",2.0,10.76,1.0,N,138.0,183.0,2.0,31.0,0.5,0.5,0.0,6.12,0.3,38.42,0.0
1.0,"2019-08-26 22:18:36.000000","2019-08-26 22:45:23.000000",1.0,16.7,1.0,N,132.0,183.0,1.0,46.0,0.5,0.5,4.0,6.12,0.3,57.42,0.0
2.0,"2019-08-26 23:51:18.000000","2019-08-27 00:26:34.000000",1.0,8.73,1.0,N,74.0,183.0,1.0,30.5,0.5,0.5,0.32,0.0,0.3,32.12,0.0
1.0,"2019-08-27 02:26:18.000000","2019-08-27 02:50:34.000000",1.0,13.0,1.0,N,161.0,183.0,1.0,37.5,3.0,0.5,5.7,0.0,0.3,47.0,2.5
1.0,"2019-08-27 10:25:58.000000","2019-08-27 10:53:19.000000",1.0,0.0,1.0,N,41.0,183.0,1.0,28.2,0.0,0.5,0.0,0.0,0.3,29.0,0.0
2.0,"2019-08-27 11:29:16.000000","2019-08-27 11:52:56.000000",1.0,12.06,1.0,N,138.0,183.0,1.0,34.0,0.0,0.5,10.23,6.12,0.3,51.15,0.0
2.0,"2019-08-27 15:16:47.000000","2019-08-27 15:55:35.000000",1.0,17.13,1.0,N,132.0,183.0,2.0,47.5,0.0,0.5,0.0,6.12,0.3,54.42,0.0
2.0,"2019-08-27 20:41:33.000000","2019-08-27 21:04:33.000000",1.0,9.53,1.0,N,263.0,183.0,1.0,28.0,0.5,0.5,9.54,0.0,0.3,41.34,2.5
1.0,"2019-08-27 20:41:11.000000","2019-08-27 21:16:20.000000",1.0,0.0,1.0,N,140.0,183.0,1.0,30.2,0.0,0.5,0.0,0.0,0.3,31.0,0.0
2.0,"2019-08-27 20:49:27.000000","2019-08-27 20:49:32.000000",1.0,0.03,1.0,N,183.0,183.0,2.0,2.5,0.5,0.5,0.0,0.0,0.3,3.8,0.0
1.0,"2019-08-27 21:01:52.000000","2019-08-27 21:22:25.000000",1.0,14.0,1.0,N,80.0,183.0,3.0,38.0,0.5,0.5,0.0,6.12,0.3,45.42,0.0
2.0,"2019-08-27 21:19:57.000000","2019-08-27 21:45:36.000000",1.0,13.07,1.0,N,170.0,183.0,1.0,37.0,0.5,0.5,5.2,0.0,0.3,46.0,2.5
2.0,"2019-08-27 22:30:23.000000","2019-08-27 22:55:15.000000",1.0,15.02,1.0,N,50.0,183.0,1.0,41.0,0.5,0.5,8.96,0.0,0.3,53.76,2.5
2.0,"2019-08-27 22:12:29.000000","2019-08-27 22:41:20.000000",1.0,15.8,1.0,N,48.0,183.0,1.0,44.0,0.5,0.5,9.56,0.0,0.3,57.36,2.5
1.0,"2019-08-27 22:12:50.000000","2019-08-27 22:38:23.000000",0.0,10.9,1.0,N,237.0,183.0,1.0,32.5,3.0,0.5,3.0,0.0,0.3,39.3,2.5
2.0,"2019-08-28 04:09:16.000000","2019-08-28 04:36:31.000000",1.0,18.03,1.0,N,132.0,183.0,1.0,48.5,0.5,0.5,0.0,6.12,0.3,55.92,0.0
2.0,"2019-08-28 10:41:39.000000","2019-08-28 11:10:13.000000",1.0,17.33,1.0,N,132.0,183.0,1.0,46.5,0.0,0.5,10.68,6.12,0.3,64.1,0.0
2.0,"2019-08-28 11:45:16.000000","2019-08-28 11:51:21.000000",5.0,1.12,1.0,N,58.0,183.0,1.0,6.0,0.0,0.5,3.0,0.0,0.3,11.75,0.0
1.0,"2019-08-28 17:15:57.000000","2019-08-28 18:02:00.000000",1.0,22.5,1.0,Y,132.0,183.0,2.0,60.5,1.0,0.5,0.0,6.12,0.3,68.42,0.0
1.0,"2019-08-28 17:22:44.000000","2019-08-28 18:11:28.000000",1.0,17.3,1.0,N,132.0,183.0,1.0,49.5,1.0,0.5,11.45,6.12,0.3,68.87,0.0
2.0,"2019-08-28 18:52:00.000000","2019-08-28 19:36:47.000000",1.0,16.97,1.0,N,132.0,183.0,1.0,48.5,1.0,0.5,11.28,6.12,0.3,67.7,0.0
1.0,"2019-08-28 18:12:00.000000","2019-08-28 18:12:34.000000",1.0,0.0,5.0,N,183.0,183.0,1.0,68.42,0.0,0.0,13.7,0.0,0.3,82.42,0.0
1.0,"2019-08-28 19:15:14.000000","2019-08-28 20:01:39.000000",3.0,15.3,1.0,N,48.0,183.0,1.0,48.0,3.5,0.5,3.0,0.0,0.3,55.3,2.5
2.0,"2019-08-28 20:54:29.000000","2019-08-28 21:23:43.000000",1.0,12.84,1.0,N,170.0,183.0,1.0,37.5,0.5,0.5,5.7,0.0,0.3,47.0,2.5
1.0,"2019-08-28 21:57:26.000000","2019-08-28 22:29:59.000000",2.0,17.6,1.0,N,132.0,183.0,4.0,47.5,0.5,0.5,0.0,6.12,0.3,54.92,0.0
2.0,"2019-08-28 21:46:49.000000","2019-08-28 22:08:49.000000",1.0,10.34,1.0,N,138.0,183.0,1.0,31.0,0.5,0.5,9.6,6.12,0.3,48.02,0.0
2.0,"2019-08-28 21:39:03.000000","2019-08-28 21:43:36.000000",1.0,1.03,1.0,N,51.0,183.0,2.0,5.5,0.5,0.5,0.0,0.0,0.3,6.8,0.0
1.0,"2019-08-28 22:35:48.000000","2019-08-28 23:01:49.000000",1.0,15.6,1.0,N,48.0,183.0,1.0,42.5,3.0,0.5,9.25,0.0,0.3,55.55,2.5
2.0,"2019-08-28 22:26:31.000000","2019-08-28 22:52:09.000000",1.0,9.63,1.0,N,75.0,183.0,1.0,29.5,0.5,0.5,9.24,0.0,0.3,40.04,0.0
1.0,"2019-08-28 23:35:30.000000","2019-08-29 00:00:47.000000",1.0,17.0,1.0,N,132.0,183.0,1.0,45.0,0.5,0.5,5.0,6.12,0.3,57.42,0.0
1.0,"2019-08-29 08:37:49.000000","2019-08-29 08:59:22.000000",3.0,8.5,1.0,N,138.0,183.0,2.0,25.5,0.0,0.5,0.0,6.12,0.3,32.42,0.0
1.0,"2019-08-29 11:18:18.000000","2019-08-29 12:08:25.000000",1.0,0.0,1.0,N,49.0,183.0,1.0,48.2,0.0,0.5,0.0,6.12,0.3,55.12,0.0
2.0,"2019-08-29 14:16:14.000000","2019-08-29 14:59:03.000000",1.0,11.35,1.0,N,233.0,183.0,1.0,38.0,0.0,0.5,1.0,0.0,0.3,42.3,2.5
2.0,"2019-08-29 14:55:02.000000","2019-08-29 15:48:07.000000",6.0,18.71,1.0,N,261.0,183.0,2.0,54.0,0.0,0.5,0.0,0.0,0.3,57.3,2.5
1.0,"2019-08-29 14:47:27.000000","2019-08-29 15:06:16.000000",1.0,0.0,1.0,N,243.0,183.0,1.0,39.2,0.0,0.5,0.0,0.0,0.3,40.0,0.0
2.0,"2019-08-29 17:22:10.000000","2019-08-29 18:23:42.000000",1.0,10.62,1.0,N,263.0,183.0,2.0,43.5,1.0,0.5,0.0,0.0,0.3,47.8,2.5
1.0,"2019-08-29 17:09:12.000000","2019-08-29 17:50:50.000000",1.0,11.2,1.0,N,138.0,183.0,2.0,36.5,1.0,0.5,0.0,6.12,0.3,44.42,0.0
2.0,"2019-08-29 23:11:07.000000","2019-08-29 23:34:36.000000",1.0,11.77,1.0,N,162.0,183.0,2.0,33.5,0.5,0.5,0.0,0.0,0.3,37.3,2.5
1.0,"2019-08-30 00:11:49.000000","2019-08-30 00:37:15.000000",1.0,9.7,1.0,N,236.0,183.0,1.0,30.0,3.0,0.5,10.1,0.0,0.3,43.9,2.5
1.0,"2019-08-30 04:12:11.000000","2019-08-30 04:39:08.000000",1.0,14.8,1.0,N,234.0,183.0,2.0,41.5,3.0,0.5,0.0,0.0,0.3,45.3,2.5
1.0,"2019-08-30 07:59:51.000000","2019-08-30 08:28:14.000000",1.0,0.0,1.0,N,193.0,183.0,1.0,36.2,0.0,0.5,0.0,6.12,0.3,43.12,0.0
2.0,"2019-08-30 08:27:35.000000","2019-08-30 09:04:15.000000",1.0,17.4,1.0,N,132.0,183.0,2.0,49.0,0.0,0.5,0.0,0.0,0.3,49.8,0.0
2.0,"2019-08-30 09:28:29.000000","2019-08-30 10:21:26.000000",6.0,15.71,1.0,N,100.0,183.0,1.0,51.0,0.0,0.5,0.0,0.0,0.3,54.3,2.5
1.0,"2019-08-30 09:59:07.000000","2019-08-30 10:21:49.000000",1.0,11.2,1.0,N,138.0,183.0,1.0,33.0,0.0,0.5,9.95,6.12,0.3,49.87,0.0
2.0,"2019-08-30 11:09:31.000000","2019-08-30 11:18:57.000000",1.0,1.81,1.0,N,81.0,183.0,1.0,8.5,0.0,0.5,0.0,0.0,0.3,9.3,0.0
1.0,"2019-08-30 12:38:25.000000","2019-08-30 13:04:35.000000",2.0,4.4,1.0,N,18.0,183.0,1.0,20.0,0.0,0.5,0.0,0.0,0.3,20.8,0.0
1.0,"2019-08-30 16:33:15.000000","2019-08-30 17:32:54.000000",1.0,16.6,1.0,N,132.0,183.0,2.0,52.5,1.0,0.5,0.0,6.12,0.3,60.42,0.0
2.0,"2019-08-30 19:43:46.000000","2019-08-30 20:16:51.000000",1.0,13.57,1.0,N,170.0,183.0,1.0,40.0,1.0,0.5,5.0,0.0,0.3,49.3,2.5
1.0,"2019-08-30 20:58:39.000000","2019-08-30 21:32:51.000000",1.0,15.1,1.0,N,226.0,183.0,1.0,43.5,0.5,0.5,10.0,6.12,0.3,60.92,0.0
2.0,"2019-08-30 23:04:04.000000","2019-08-30 23:38:48.000000",2.0,22.48,1.0,N,132.0,183.0,2.0,60.0,0.5,0.5,0.0,6.12,0.3,67.42,0.0
1.0,"2019-08-31 00:59:13.000000","2019-08-31 01:25:39.000000",2.0,12.3,1.0,N,162.0,183.0,2.0,35.0,3.0,0.5,0.0,0.0,0.3,38.8,2.5
2.0,"2019-08-31 06:28:25.000000","2019-08-31 06:47:32.000000",1.0,10.46,1.0,N,263.0,183.0,1.0,29.5,0.0,0.5,1.0,0.0,0.3,33.8,2.5
1.0,"2019-08-31 06:15:48.000000","2019-08-31 06:38:42.000000",1.0,17.5,1.0,N,132.0,183.0,2.0,47.0,0.0,0.5,0.0,6.12,0.3,53.92,0.0
2.0,"2019-08-31 08:35:25.000000","2019-08-31 08:57:46.000000",2.0,14.75,1.0,N,50.0,183.0,2.0,40.0,0.0,0.5,0.0,0.0,0.3,43.3,2.5
1.0,"2019-08-31 11:46:37.000000","2019-08-31 12:05:43.000000",1.0,4.4,1.0,N,18.0,183.0,1.0,16.5,0.0,0.5,0.0,0.0,0.3,17.3,0.0
2.0,"2019-08-31 14:58:07.000000","2019-08-31 15:35:33.000000",1.0,16.94,1.0,N,132.0,183.0,1.0,47.0,0.0,0.5,5.55,6.12,0.3,59.47,0.0
2.0,"2019-08-31 16:25:15.000000","2019-08-31 17:09:23.000000",2.0,11.79,1.0,N,229.0,183.0,1.0,39.0,0.0,0.5,1.0,0.0,0.3,43.3,2.5
2.0,"2019-08-31 17:24:23.000000","2019-08-31 17:53:01.000000",1.0,9.56,1.0,N,247.0,183.0,1.0,31.5,0.0,0.5,3.0,0.0,0.3,35.3,0.0
1.0,"2019-08-31 17:40:41.000000","2019-08-31 18:27:25.000000",1.0,0.0,1.0,N,186.0,183.0,1.0,36.2,0.0,0.5,0.0,0.0,0.3,37.0,0.0
2.0,"2019-08-31 18:53:06.000000","2019-08-31 19:21:46.000000",1.0,13.44,1.0,N,239.0,183.0,1.0,38.0,0.0,0.5,10.32,0.0,0.3,51.62,2.5
,"2019-08-01 17:57:00.000000","2019-08-01 19:02:00.000000",,13.21,,,230.0,183.0,,43.55,2.75,0.5,0.0,6.12,0.3,53.22,0.0
,"2019-08-02 13:22:00.000000","2019-08-02 13:59:00.000000",,11.02,,,229.0,183.0,,40.93,2.75,0.5,0.0,0.0,0.3,44.48,0.0
,"2019-08-03 15:26:00.000000","2019-08-03 15:58:00.000000",,13.19,,,233.0,183.0,,43.29,0.0,0.5,0.0,6.12,0.3,50.21,0.0
,"2019-08-04 18:27:00.000000","2019-08-04 19:07:00.000000",,18.01,,,222.0,183.0,,50.64,2.75,0.5,0.0,6.12,0.3,60.31,0.0
,"2019-08-04 21:10:00.000000","2019-08-04 21:37:00.000000",,12.51,,,216.0,183.0,,45.15,2.75,0.5,0.0,5.76,0.3,54.46,0.0
,"2019-08-04 23:55:00.000000","2019-08-05 00:15:00.000000",,12.1,,,130.0,183.0,,42.23,2.75,0.5,0.0,6.12,0.3,51.9,0.0
,"2019-08-05 13:10:17.000000","2019-08-05 13:49:38.000000",,17.45,,,87.0,183.0,,58.93,2.75,0.0,0.0,6.12,0.3,68.1,0.0
,"2019-08-05 16:21:00.000000","2019-08-05 16:55:00.000000",,11.62,,,237.0,183.0,,34.81,2.75,0.5,0.0,6.12,0.3,44.48,0.0
,"2019-08-05 18:01:00.000000","2019-08-05 18:49:00.000000",,17.53,,,231.0,183.0,,46.78,2.75,0.5,0.0,6.12,0.3,56.45,0.0
,"2019-08-06 20:57:00.000000","2019-08-06 21:47:00.000000",,24.0,,,155.0,183.0,,70.16,2.75,0.5,0.0,6.12,0.3,79.83,0.0
,"2019-08-07 00:07:00.000000","2019-08-07 00:44:00.000000",,13.12,,,43.0,183.0,,46.9,2.75,0.5,0.0,0.0,0.3,50.45,0.0
,"2019-08-07 10:56:18.000000","2019-08-07 11:30:20.000000",,10.23,,,140.0,183.0,,51.43,2.75,0.0,0.0,0.0,0.3,54.48,0.0
,"2019-08-07 13:25:31.000000","2019-08-07 13:38:25.000000",,3.2,,,185.0,183.0,,18.59,2.75,0.0,0.0,0.0,0.3,21.64,0.0
,"2019-08-07 13:52:00.000000","2019-08-07 14:18:00.000000",,14.06,,,143.0,183.0,,56.45,2.75,0.5,0.0,0.0,0.3,60.0,0.0
,"2019-08-07 15:18:36.000000","2019-08-07 15:56:47.000000",,12.16,,,229.0,183.0,,35.31,2.75,0.0,0.0,6.12,0.3,44.48,0.0
,"2019-08-08 17:55:40.000000","2019-08-08 18:48:06.000000",,12.07,,,238.0,183.0,,35.1,2.75,0.0,0.0,6.12,0.3,44.27,0.0
,"2019-08-09 11:35:00.000000","2019-08-09 12:20:00.000000",,13.83,,,137.0,183.0,,56.45,2.75,0.5,0.0,0.0,0.3,60.0,0.0
,"2019-08-09 13:31:00.000000","2019-08-09 13:45:00.000000",,3.87,,,213.0,183.0,,22.29,2.75,0.5,0.0,0.0,0.3,25.84,0.0
,"2019-08-09 14:14:18.000000","2019-08-09 14:51:44.000000",,8.71,,,119.0,183.0,,27.27,2.75,0.0,0.0,0.0,0.3,30.32,0.0
,"2019-08-09 15:39:01.000000","2019-08-09 17:15:09.000000",,22.18,,,144.0,183.0,,41.16,2.75,0.0,0.0,12.24,0.3,56.45,0.0
,"2019-08-10 02:39:00.000000","2019-08-10 03:10:00.000000",,15.38,,,114.0,183.0,,59.15,2.75,0.5,0.0,0.0,0.3,62.7,0.0
,"2019-08-03 05:14:00.000000","2019-08-03 05:48:00.000000",,18.49,,,61.0,183.0,,58.38,5.5,0.5,0.0,6.12,0.3,70.8,0.0
,"2019-08-06 13:43:00.000000","2019-08-06 14:18:00.000000",,13.22,,,239.0,183.0,,40.5,5.5,0.5,0.0,10.5,0.3,57.3,0.0
,"2019-08-12 11:46:00.000000","2019-08-12 12:12:00.000000",,11.59,,,140.0,183.0,,42.06,5.5,0.5,0.0,6.12,0.3,54.48,0.0
,"2019-08-12 15:14:00.000000","2019-08-12 15:47:00.000000",,12.08,,,141.0,183.0,,39.48,5.5,0.5,0.0,6.12,0.3,51.9,0.0
,"2019-08-12 16:17:00.000000","2019-08-12 17:00:00.000000",,10.99,,,140.0,183.0,,40.93,2.75,0.5,0.0,0.0,0.3,44.48,0.0
,"2019-08-13 14:49:00.000000","2019-08-13 15:21:00.000000",,9.47,,,42.0,183.0,,42.95,2.75,0.5,0.0,0.0,0.3,46.5,0.0
,"2019-08-12 00:40:00.000000","2019-08-12 00:58:00.000000",,9.47,,,263.0,183.0,,42.95,2.75,0.5,0.0,0.0,0.3,46.5,0.0
,"2019-08-14 10:04:17.000000","2019-08-14 10:44:17.000000",,15.3,,,163.0,183.0,,47.4,2.75,0.0,0.0,0.0,0.3,50.45,0.0
,"2019-08-13 16:06:00.000000","2019-08-13 16:46:00.000000",,15.73,,,48.0,183.0,,49.67,2.75,0.5,0.0,0.0,0.3,53.22,0.0
,"2019-08-10 16:00:32.000000","2019-08-10 16:36:46.000000",,13.34,,,233.0,183.0,,43.79,0.0,0.0,0.0,6.12,0.3,50.21,0.0
,"2019-08-10 18:26:00.000000","2019-08-10 19:31:00.000000",,29.9,,,14.0,183.0,,81.33,2.75,0.5,0.0,6.12,0.3,91.0,0.0
,"2019-08-14 17:10:04.000000","2019-08-14 18:17:49.000000",,12.99,,,163.0,183.0,,41.28,2.75,0.0,0.0,6.12,0.3,50.45,0.0
,"2019-08-14 18:11:14.000000","2019-08-14 19:00:33.000000",,16.47,,,231.0,183.0,,59.82,2.75,0.0,0.0,0.0,0.3,62.87,0.0
,"2019-08-14 00:26:00.000000","2019-08-14 00:46:00.000000",,10.2,,,263.0,183.0,,42.95,2.75,0.5,0.0,0.0,0.3,46.5,0.0
,"2019-08-15 13:36:00.000000","2019-08-15 14:10:00.000000",,9.8,,,263.0,183.0,,45.65,2.75,0.5,0.0,0.0,0.3,49.2,0.0
,"2019-08-14 20:05:36.000000","2019-08-14 20:32:09.000000",,12.49,,,229.0,183.0,,42.73,2.75,0.0,0.0,6.12,0.3,51.9,0.0
,"2019-08-15 00:54:00.000000","2019-08-15 01:12:00.000000",,9.12,,,263.0,183.0,,42.95,2.75,0.5,0.0,0.0,0.3,46.5,0.0
,"2019-08-16 10:43:00.000000","2019-08-16 11:15:00.000000",,13.11,,,238.0,183.0,,51.05,2.75,0.5,0.0,0.0,0.3,54.6,0.0
,"2019-08-15 17:39:00.000000","2019-08-15 18:16:00.000000",,10.72,,,140.0,183.0,,40.93,2.75,0.5,0.0,0.0,0.3,44.48,0.0
,"2019-08-15 17:32:00.000000","2019-08-15 18:24:00.000000",,17.72,,,231.0,183.0,,47.14,2.75,0.5,0.0,5.76,0.3,56.45,0.0
,"2019-08-17 15:39:41.000000","2019-08-17 16:18:07.000000",,14.09,,,233.0,183.0,,43.79,0.0,0.0,0.0,6.12,0.3,50.21,0.0
,"2019-08-18 14:18:38.000000","2019-08-18 14:46:42.000000",,16.05,,,145.0,183.0,,53.53,2.75,0.0,0.0,6.12,0.3,62.7,0.0
,"2019-08-17 21:43:18.000000","2019-08-17 22:16:54.000000",,16.98,,,45.0,183.0,,50.65,5.5,0.0,0.0,0.0,0.3,56.45,0.0
,"2019-08-18 19:44:00.000000","2019-08-18 20:04:00.000000",,9.49,,,263.0,183.0,,34.08,5.5,0.5,0.0,6.12,0.3,46.5,0.0
,"2019-08-18 09:33:02.000000","2019-08-18 09:47:34.000000",,4.34,,,259.0,183.0,,21.16,2.75,0.0,0.0,0.0,0.3,24.21,0.0
,"2019-08-19 17:04:00.000000","2019-08-19 17:40:00.000000",,11.15,,,140.0,183.0,,34.81,2.75,0.5,0.0,6.12,0.3,44.48,0.0
,"2019-08-20 11:19:00.000000","2019-08-20 11:52:00.000000",,12.78,,,170.0,183.0,,46.66,2.75,0.5,0.0,0.0,0.3,50.21,0.0
,"2019-08-18 12:08:00.000000","2019-08-18 12:25:00.000000",,8.32,,,74.0,183.0,,28.07,2.75,0.5,0.0,6.12,0.3,37.74,0.0
,"2019-08-20 13:59:00.000000","2019-08-20 14:19:00.000000",,12.16,,,197.0,183.0,,40.58,2.75,0.5,0.0,6.12,0.3,50.25,0.0
,"2019-08-20 21:25:00.000000","2019-08-20 21:48:00.000000",,10.72,,,140.0,183.0,,48.35,2.75,0.5,0.0,0.0,0.3,51.9,0.0
,"2019-08-20 15:46:59.000000","2019-08-20 16:14:57.000000",,11.62,,,140.0,183.0,,35.31,2.75,0.0,0.0,6.12,0.3,44.48,0.0
,"2019-08-22 15:58:00.000000","2019-08-22 16:47:00.000000",,14.25,,,143.0,183.0,,56.45,2.75,0.5,0.0,0.0,0.3,60.0,0.0
,"2019-08-22 15:25:00.000000","2019-08-22 16:32:00.000000",,17.89,,,88.0,183.0,,53.2,2.75,0.5,0.0,6.12,0.3,62.87,0.0
,"2019-08-21 15:31:00.000000","2019-08-21 15:59:00.000000",,11.92,,,229.0,183.0,,34.81,2.75,0.5,0.0,6.12,0.3,44.48,0.0
,"2019-08-21 16:12:01.000000","2019-08-21 16:56:25.000000",,18.78,,,48.0,183.0,,37.93,2.75,0.0,0.0,12.24,0.3,53.22,0.0
,"2019-08-21 17:32:09.000000","2019-08-21 18:16:00.000000",,10.57,,,264.0,183.0,,41.43,2.75,0.0,0.0,0.0,0.3,44.48,0.0
,"2019-08-21 17:14:00.000000","2019-08-21 18:09:00.000000",,13.03,,,163.0,183.0,,46.9,2.75,0.5,0.0,0.0,0.3,50.45,0.0
,"2019-08-21 17:47:17.000000","2019-08-21 18:35:20.000000",,17.65,,,231.0,183.0,,47.28,2.75,0.0,0.0,6.12,0.3,56.45,0.0
,"2019-08-24 11:05:09.000000","2019-08-24 12:31:46.000000",,18.21,,,265.0,183.0,,61.63,2.75,0.0,0.0,6.12,0.3,70.8,0.0
,"2019-08-24 11:45:00.000000","2019-08-24 12:18:00.000000",,11.33,,,263.0,183.0,,42.9,5.5,0.5,0.0,0.0,0.3,49.2,0.0
,"2019-08-24 14:02:00.000000","2019-08-24 14:52:00.000000",,14.74,,,48.0,183.0,,41.46,5.5,0.5,0.0,12.24,0.3,60.0,0.0
,"2019-08-24 18:48:00.000000","2019-08-24 19:24:00.000000",,13.81,,,48.0,183.0,,59.15,2.75,0.5,0.0,0.0,0.3,62.7,0.0
,"2019-08-24 22:06:00.000000","2019-08-24 22:41:00.000000",,14.98,,,48.0,183.0,,59.15,2.75,0.5,0.0,0.0,0.3,62.7,0.0
,"2019-08-25 23:19:06.000000","2019-08-25 23:32:11.000000",,3.51,,,254.0,183.0,,20.8,2.75,0.0,0.0,0.0,0.3,23.85,0.0
,"2019-08-26 09:52:21.000000","2019-08-26 10:25:46.000000",,15.01,,,161.0,183.0,,41.43,2.75,0.0,0.0,0.0,0.3,44.48,0.0
,"2019-08-26 17:18:51.000000","2019-08-26 17:52:30.000000",,10.45,,,264.0,183.0,,35.31,2.75,0.0,0.0,6.12,0.3,44.48,0.0
,"2019-08-28 16:10:50.000000","2019-08-28 17:15:07.000000",,24.11,,,48.0,183.0,,47.37,2.75,0.0,0.0,2.8,0.3,53.22,0.0
,"2019-08-28 16:00:39.000000","2019-08-28 16:48:28.000000",,11.13,,,140.0,183.0,,42.68,5.5,0.0,0.0,6.12,0.3,54.6,0.0
,"2019-08-29 09:59:00.000000","2019-08-29 10:37:00.000000",,15.29,,,100.0,183.0,,49.67,2.75,0.5,0.0,0.0,0.3,53.22,0.0
,"2019-08-22 17:12:38.000000","2019-08-22 18:14:23.000000",,17.66,,,231.0,183.0,,47.28,2.75,0.0,0.0,6.12,0.3,56.45,0.0
,"2019-08-23 12:14:00.000000","2019-08-23 12:34:00.000000",,8.44,,,75.0,183.0,,31.62,2.75,0.5,0.0,6.12,0.3,41.29,0.0
,"2019-08-23 13:44:00.000000","2019-08-23 13:55:00.000000",,2.99,,,185.0,183.0,,18.09,2.75,0.5,0.0,0.0,0.3,21.64,0.0
,"2019-08-29 18:07:00.000000","2019-08-29 18:56:00.000000",,12.5,,,163.0,183.0,,40.78,2.75,0.5,0.0,6.12,0.3,50.45,0.0
,"2019-08-29 00:19:00.000000","2019-08-29 00:40:00.000000",,11.77,,,130.0,183.0,,44.93,2.75,0.5,0.0,6.12,0.3,54.6,0.0
,"2019-08-29 13:45:41.000000","2019-08-29 14:25:34.000000",,13.35,,,107.0,183.0,,45.82,2.75,0.0,0.0,0.0,0.3,48.87,0.0
,"2019-08-30 12:47:03.000000","2019-08-30 13:29:49.000000",,11.41,,,229.0,183.0,,41.43,2.75,0.0,0.0,0.0,0.3,44.48,0.0
,"2019-08-30 14:24:00.000000","2019-08-30 15:19:00.000000",,17.65,,,88.0,183.0,,61.13,2.75,0.5,0.0,6.12,0.3,70.8,0.0
,"2019-08-30 20:31:00.000000","2019-08-30 21:03:00.000000",,14.53,,,234.0,183.0,,35.04,8.25,0.5,0.0,6.12,0.3,50.21,0.0
,"2019-08-31 17:11:00.000000","2019-08-31 17:39:00.000000",,10.92,,,140.0,183.0,,38.18,5.5,0.5,0.0,0.0,0.3,44.48,0.0
