2.0,"2019-03-31 23:19:48.000000","2019-04-01 00:01:19.000000",1.0,8.11,1.0,N,237.0,237.0,2.0,31.5,0.5,0.5,0.0,0.0,0.3,35.3,2.5
1.0,"2019-03-31 23:05:06.000000","2019-03-31 23:05:06.000000",1.0,0.0,1.0,N,163.0,264.0,2.0,6.5,3.0,0.5,0.0,0.0,0.3,10.3,2.5
1.0,"2019-03-31 23:16:35.000000","2019-03-31 23:21:41.000000",1.0,0.6,1.0,N,100.0,170.0,2.0,5.0,3.0,0.5,0.0,0.0,0.3,8.8,2.5
2.0,"2019-03-31 23:16:18.000000","2019-03-31 23:18:01.000000",1.0,0.44,1.0,N,230.0,163.0,2.0,3.5,0.5,0.5,0.0,0.0,0.3,7.3,2.5
2.0,"2019-03-31 22:59:36.000000","2019-03-31 23:02:05.000000",1.0,0.78,1.0,N,237.0,263.0,1.0,4.5,0.5,0.5,1.66,0.0,0.3,9.96,2.5
2.0,"2019-03-31 23:15:41.000000","2019-03-31 23:32:04.000000",1.0,2.3,1.0,N,41.0,168.0,2.0,11.5,0.5,0.5,0.0,0.0,0.3,12.8,0.0
2.0,"2019-03-31 23:26:52.000000","2019-03-31 23:31:16.000000",1.0,1.41,1.0,N,236.0,239.0,1.0,6.0,0.5,0.5,1.96,0.0,0.3,11.76,2.5
2.0,"2019-03-31 23:55:11.000000","2019-04-01 00:20:23.000000",1.0,9.91,1.0,N,148.0,89.0,1.0,30.5,0.5,0.5,6.86,0.0,0.3,41.16,2.5
1.0,"2019-03-31 23:31:14.000000","2019-03-31 23:37:53.000000",0.0,1.1,1.0,N,42.0,42.0,1.0,6.5,0.5,0.5,1.55,0.0,0.3,9.35,0.0
2.0,"2019-03-31 23:06:05.000000","2019-03-31 23:11:25.000000",1.0,0.88,1.0,N,43.0,163.0,2.0,5.5,0.5,0.5,0.0,0.0,0.3,9.3,2.5
2.0,"2019-03-31 23:17:04.000000","2019-03-31 23:23:46.000000",1.0,1.38,1.0,N,100.0,107.0,2.0,7.0,0.5,0.5,0.0,0.0,0.3,10.8,2.5
2.0,"2019-03-31 23:36:25.000000","2019-03-31 23:57:32.000000",4.0,6.91,1.0,N,186.0,116.0,1.0,23.0,0.5,0.5,5.36,0.0,0.3,32.16,2.5
2.0,"2019-03-31 23:00:55.000000","2019-03-31 23:04:58.000000",2.0,0.99,1.0,N,230.0,230.0,2.0,5.0,0.5,0.5,0.0,0.0,0.3,8.8,2.5
2.0,"2019-03-31 23:19:33.000000","2019-03-31 23:22:55.000000",2.0,0.75,1.0,N,48.0,230.0,1.0,4.5,0.5,0.5,1.66,0.0,0.3,9.96,2.5
2.0,"2019-03-31 23:35:19.000000","2019-03-31 23:39:30.000000",1.0,1.17,1.0,N,100.0,249.0,1.0,5.5,0.5,0.5,2.79,0.0,0.3,12.09,2.5
2.0,"2019-03-31 23:58:52.000000","2019-04-01 00:05:04.000000",1.0,0.74,1.0,N,186.0,186.0,1.0,5.5,0.5,0.5,2.33,0.0,0.3,11.63,2.5
2.0,"2019-03-31 23:20:15.000000","2019-03-31 23:24:12.000000",1.0,1.11,1.0,N,263.0,236.0,2.0,5.5,0.5,0.5,0.0,0.0,0.3,9.3,2.5
2.0,"2019-03-31 23:32:15.000000","2019-03-31 23:54:36.000000",1.0,13.17,1.0,N,75.0,134.0,2.0,37.0,0.5,0.5,0.0,5.76,0.3,44.06,0.0
2.0,"2019-03-31 22:32:57.000000","2019-03-31 23:21:22.000000",1.0,0.0,1.0,N,237.0,193.0,2.0,0.0,0.0,0.0,0.0,0.0,0.0,0.0,2.5
2.0,"2019-03-31 23:31:13.000000","2019-03-31 23:31:15.000000",1.0,0.0,1.0,N,264.0,264.0,2.0,0.0,0.0,0.0,0.0,0.0,0.0,0.0,0.0
  20   60 2521 results.txt
